47.086649	2.391104
47.086649	2.391104
47.086649	2.391104
47.086649	2.391104
47.086649	2.391104
47.16587	2.227867
47.5590877	2.4449075
47.5590877	2.4449075
47.4683196	2.4548883
47.032962	2.652172
47.032962	2.652172
47.032962	2.652172
47.032962	2.652172
47.032962	2.652172
47.032962	2.652172
47.032962	2.652172
47.08103	2.7282449
46.9987448	2.7487145
46.9987448	2.7487145
47.0578219	2.4145535
47.062388	2.322142
46.784568	2.371424
46.784568	2.371424
47.1151081	2.3955193
47.1151081	2.3955193
47.1151081	2.3955193
47.1151081	2.3955193
47.1151081	2.3955193
47.1151081	2.3955193
47.1151081	2.3955193
47.1151081	2.3955193
47.1151081	2.3955193
47.1151081	2.3955193
47.1151081	2.3955193
47.1151081	2.3955193
47.1151081	2.3955193
47.1151081	2.3955193
47.1151081	2.3955193
47.1151081	2.3955193
47.1151081	2.3955193
47.1151081	2.3955193
47.0818269	2.4039338
47.0818269	2.4039338
47.0818269	2.4039338
47.0818269	2.4039338
47.0818269	2.4039338
47.0818269	2.4039338
47.0818269	2.4039338
47.0818269	2.4039338
47.0818269	2.4039338
47.0818269	2.4039338
47.0818269	2.4039338
47.0818269	2.4039338
47.0818269	2.4039338
47.0652327	2.3914803
47.0652327	2.3914803
47.0652327	2.3914803
47.0652327	2.3914803
47.0652327	2.3914803
47.0652327	2.3914803
47.0652327	2.3914803
47.0652327	2.3914803
47.0652327	2.3914803
47.0652327	2.3914803
47.0652327	2.3914803
47.0652327	2.3914803
47.0652327	2.3914803
47.0652327	2.3914803
47.0652327	2.3914803
47.0652327	2.3914803
47.0578219	2.4145535
47.0578219	2.4145535
47.0578219	2.4145535
47.0578219	2.4145535
47.102745	2.402076
47.102745	2.402076
47.102745	2.402076
47.102745	2.402076
47.102745	2.402076
47.102745	2.402076
47.102745	2.402076
47.102745	2.402076
47.102745	2.402076
47.062388	2.322142
47.062388	2.322142
47.062388	2.322142
47.062388	2.322142
47.062388	2.322142
47.062388	2.322142
47.062388	2.322142
47.123515	2.621374
47.123515	2.621374
47.2036436	2.0818334
46.8917911	2.732253
47.0712914	2.3207512
47.0712914	2.3207512
47.0712914	2.3207512
47.0712914	2.3207512
47.0712914	2.3207512
47.0712914	2.3207512
47.0712914	2.3207512
47.0712914	2.3207512
47.0712914	2.3207512
47.0712914	2.3207512
47.0712914	2.3207512
46.729633	2.644202
46.729633	2.644202
46.729633	2.644202
46.729633	2.644202
46.8573877	2.3184359
46.8573877	2.3184359
46.8573877	2.3184359
46.8573877	2.3184359
46.8573877	2.3184359
46.966644	2.174432
47.152232	1.991003
47.152232	1.991003
46.700066	2.541513
46.887605	2.572022
46.887605	2.572022
46.887605	2.572022
46.887605	2.572022
46.887605	2.572022
47.4683196	2.4548883
47.123515	2.621374
47.567606	2.25305
47.3036884	2.5243972
47.1863243	2.4640179
47.152232	1.991003
46.726516	2.4816443
47.4683196	2.4548883
47.4683196	2.4548883
47.4683196	2.4548883
47.4683196	2.4548883
47.5590877	2.4449075
47.4683196	2.4548883
47.5590877	2.4449075
47.102745	2.402076
47.3296678	2.8392712
47.3296678	2.8392712
47.3296678	2.8392712
47.3296678	2.8392712
47.3296678	2.8392712
47.178127	2.159408
47.178127	2.159408
47.178127	2.159408
47.1033543	2.4091684
47.1863243	2.4640179
47.1863243	2.4640179
47.1863243	2.4640179
47.1863243	2.4640179
47.1863243	2.4640179
47.1863243	2.4640179
47.1863243	2.4640179
47.1863243	2.4640179
47.1863243	2.4640179
47.1863243	2.4640179
47.142242	1.846102
46.8579421	2.3197579
46.8579421	2.3197579
46.8579421	2.3197579
46.9504846	2.944948
46.9504846	2.944948
46.9504846	2.944948
46.9504846	2.944948
46.9504846	2.944948
46.9504846	2.944948
46.9504846	2.944948
46.9504846	2.944948
47.3036884	2.5243972
47.3036884	2.5243972
47.3036884	2.5243972
47.3036884	2.5243972
47.3036884	2.5243972
47.3036884	2.5243972
47.3036884	2.5243972
47.3036884	2.5243972
47.215668	2.951815
46.7076628	2.2388205
47.396747	2.684072
47.043864	2.560507
47.043864	2.560507
47.043864	2.560507
47.043864	2.560507
47.043864	2.560507
47.471202	2.872511
47.197817	2.571073
47.197817	2.571073
47.197817	2.571073
47.197817	2.571073
46.925337	2.406943
46.925337	2.406943
46.750499	2.176182
46.750499	2.176182
47.092312	3.007085
47.092312	3.007085
47.092312	3.007085
47.092312	3.007085
47.092312	3.007085
47.092312	3.007085
47.092312	3.007085
	
	
47.1898125	2.0561545
47.1898125	2.0561545
47.1898125	2.0561545
47.1898125	2.0561545
46.697735	2.367775
47.1016874	2.284687
47.1016874	2.284687
47.152232	1.991003
47.152232	1.991003
47.152232	1.991003
47.152232	1.991003
47.152232	1.991003
47.145637	2.217346
47.145637	2.217346
47.145637	2.217346
47.145637	2.217346
47.145637	2.217346
47.145637	2.217346
47.145637	2.217346
47.145637	2.217346
47.145637	2.217346
47.145637	2.217346
47.1451199	2.2174675
47.1451199	2.2174675
47.1451199	2.2174675
47.3136294	2.3626668
47.2412769	2.5960709
47.2412769	2.5960709
47.0367249	2.278304
47.0367249	2.278304
47.083748	2.516777
47.083748	2.516777
47.350603	2.1958289
47.350603	2.1958289
47.350603	2.1958289
46.997948	2.818766
46.997948	2.818766
46.997948	2.818766
46.997948	2.818766
46.997948	2.818766
47.092312	3.007085
47.092312	3.007085
47.092312	3.007085
46.726516	2.4816443
46.726516	2.4816443
46.726516	2.4816443
46.726516	2.4816443
46.726516	2.4816443
46.726516	2.4816443
46.726516	2.4816443
47.232885	2.546874
47.232885	2.546874
46.996674	2.455291
46.996674	2.455291
46.996674	2.455291
46.996674	2.455291
46.996674	2.455291
47.015212	2.15512
47.015212	2.15512
47.015212	2.15512
46.435863	2.250444
46.831017	2.919734
46.831017	2.919734
46.831017	2.919734
46.831017	2.919734
46.831017	2.919734
46.831017	2.919734
47.441623	2.808783
47.441623	2.808783
47.441623	2.808783
47.186696	2.517544
47.186696	2.517544
46.7358316	2.5051142
46.7358316	2.5051142
46.7358316	2.5051142
46.7358316	2.5051142
46.7358316	2.5051142
46.7358316	2.5051142
46.7358316	2.5051142
46.7358316	2.5051142
46.7358316	2.5051142
46.7358316	2.5051142
46.7358316	2.5051142
46.7358316	2.5051142
46.7358316	2.5051142
46.7358316	2.5051142
47.1030126	2.3732307
47.1030126	2.3732307
47.1030126	2.3732307
47.1030126	2.3732307
47.1030126	2.3732307
47.1030126	2.3732307
47.1030126	2.3732307
47.1030126	2.3732307
47.1030126	2.3732307
46.9929705	2.2445893
46.9929705	2.2445893
46.9929705	2.2445893
46.9929705	2.2445893
46.9929705	2.2445893
46.9929705	2.2445893
46.9929705	2.2445893
47.2264973	1.9262809
47.2264973	1.9262809
47.2264973	1.9262809
46.687989	2.478477
47.1002606	2.4877143
47.1002606	2.4877143
47.1002606	2.4877143
47.1002606	2.4877143
47.1002606	2.4877143
47.1002606	2.4877143
47.1002606	2.4877143
47.1002606	2.4877143
47.1002606	2.4877143
47.1002606	2.4877143
47.1002606	2.4877143
47.1002606	2.4877143
47.1002606	2.4877143
47.1002606	2.4877143
47.2063453	2.0193433
47.2063453	2.0193433
47.2063453	2.0193433
46.992162	2.50974
47.134273	2.54699
47.134273	2.54699
47.134273	2.54699
47.010805	2.294142
47.02391	2.9628169
47.008896	2.355825
47.008896	2.355825
47.008896	2.355825
47.008896	2.355825
47.008896	2.355825
47.008896	2.355825
47.008896	2.355825
47.008896	2.355825
47.008896	2.355825
47.008896	2.355825
47.008896	2.355825
47.008896	2.355825
47.008896	2.355825
46.562103	2.2018749
46.562103	2.2018749
46.562103	2.2018749
46.562103	2.2018749
46.562103	2.2018749
47.4581693	2.6395835
47.158036	2.3879055
47.158036	2.3879055
47.158036	2.3879055
47.158036	2.3879055
47.158036	2.3879055
47.158036	2.3879055
47.158036	2.3879055
47.3296678	2.8392712
47.3296678	2.8392712
47.3296678	2.8392712
47.3296678	2.8392712
47.3296678	2.8392712
47.2036436	2.0818334
47.2036436	2.0818334
47.2036436	2.0818334
47.2036436	2.0818334
47.2036436	2.0818334
47.2036436	2.0818334
47.2036436	2.0818334
47.2036436	2.0818334
47.2356127	2.0656965
47.2356127	2.0656965
47.2356127	2.0656965
47.2356127	2.0656965
47.2356127	2.0656965
47.2356127	2.0656965
47.2356127	2.0656965
47.2356127	2.0656965
47.2356127	2.0656965
47.2356127	2.0656965
47.2356127	2.0656965
47.2356127	2.0656965
47.2356127	2.0656965
47.2356127	2.0656965
47.2356127	2.0656965
47.2356127	2.0656965
47.2356127	2.0656965
47.1978619	2.1748227
47.1978619	2.1748227
47.1978619	2.1748227
47.1978619	2.1748227
47.1978619	2.1748227
47.1978619	2.1748227
47.1978619	2.1748227
47.1978619	2.1748227
47.1978619	2.1748227
48.2001035	1.8829094
48.2001035	1.8829094
48.2001035	1.8829094
48.2001035	1.8829094
48.2001035	1.8829094
48.2001035	1.8829094
48.229674	1.366219
48.229674	1.366219
48.6052776	1.6731417
48.6052776	1.6731417
48.8565299	1.4391746
48.3280653	0.8023185
48.3280653	0.8023185
48.44368	1.396017
48.44368	1.396017
48.44368	1.396017
48.3106979	1.9978441
48.3106979	1.9978441
48.3106979	1.9978441
48.3106979	1.9978441
48.3106979	1.9978441
48.3106979	1.9978441
48.3106979	1.9978441
48.3106979	1.9978441
48.3106979	1.9978441
48.3106979	1.9978441
48.3106979	1.9978441
48.3106979	1.9978441
48.4359732	1.7110813
48.4359732	1.7110813
48.4359732	1.7110813
48.4632507	1.7754782
48.4632507	1.7754782
48.4632507	1.7754782
48.4632507	1.7754782
48.4632507	1.7754782
48.1949647	0.8967694
48.261404	1.74541
48.366113	1.3304959
48.366113	1.3304959
48.366113	1.3304959
48.145775	1.6807583
48.145775	1.6807583
48.145775	1.6807583
48.145775	1.6807583
48.5019831	1.0575842
48.5019831	1.0575842
48.5019831	1.0575842
48.3822319	1.5575219
48.3822319	1.5575219
48.3822319	1.5575219
48.3822319	1.5575219
48.435982	1.713317
48.435982	1.713317
48.435982	1.713317
48.435982	1.713317
48.435982	1.713317
48.435982	1.713317
48.435982	1.713317
48.7447007	1.5875145
48.7447007	1.5875145
48.6900917	1.0725298
48.6900917	1.0725298
48.6900917	1.0725298
48.6900917	1.0725298
48.6900917	1.0725298
48.6900917	1.0725298
48.211341	1.166094
48.211341	1.166094
48.211341	1.166094
48.211341	1.166094
48.4498764	1.503724
48.4498764	1.503724
48.4498764	1.503724
48.4498764	1.503724
48.4498764	1.503724
48.4498764	1.503724
48.4498764	1.503724
48.4498764	1.503724
48.4498764	1.503724
48.4498764	1.503724
48.4498764	1.503724
48.4498764	1.503724
48.4498764	1.503724
48.4498764	1.503724
48.4498764	1.503724
48.4498764	1.503724
48.4498764	1.503724
48.4498764	1.503724
48.4498764	1.503724
48.4498764	1.503724
48.4498764	1.503724
48.4498764	1.503724
48.4498764	1.503724
48.4498764	1.503724
48.4498764	1.503724
48.4498764	1.503724
48.4498764	1.503724
48.4498764	1.503724
48.4498764	1.503724
48.4498764	1.503724
48.4498764	1.503724
48.4470186	1.4691444
48.4470186	1.4691444
48.4470186	1.4691444
48.4470186	1.4691444
48.4470186	1.4691444
48.4470186	1.4691444
48.4470186	1.4691444
48.4470186	1.4691444
48.4470186	1.4691444
48.4470186	1.4691444
48.4470186	1.4691444
48.4470186	1.4691444
48.4470186	1.4691444
48.4470186	1.4691444
48.4470186	1.4691444
48.4470186	1.4691444
48.4470186	1.4691444
48.4470186	1.4691444
48.4470186	1.4691444
48.4690043	1.4998646
48.4690043	1.4998646
48.4690043	1.4998646
48.4690043	1.4998646
48.4690043	1.4998646
48.4690043	1.4998646
48.443854	1.489012
48.443854	1.489012
48.443854	1.489012
48.443854	1.489012
48.443854	1.489012
48.443854	1.489012
48.443854	1.489012
48.443854	1.489012
48.443854	1.489012
48.07873	1.322438
48.07873	1.322438
48.07873	1.322438
48.07873	1.322438
48.07873	1.322438
48.07873	1.322438
48.07873	1.322438
48.5809982	1.2420935
48.5809982	1.2420935
48.5809982	1.2420935
48.5809982	1.2420935
48.5809982	1.2420935
48.5809982	1.2420935
48.5809982	1.2420935
48.7468503	1.4244852
48.7468503	1.4244852
48.7468503	1.4244852
48.7468503	1.4244852
48.7468503	1.4244852
48.543237	1.38867
48.543237	1.38867
48.002478	1.233193
48.4484296	1.2396228
48.4484296	1.2396228
48.4484296	1.2396228
48.4484296	1.2396228
48.4484296	1.2396228
48.4484296	1.2396228
48.4484296	1.2396228
48.4484296	1.2396228
48.4484296	1.2396228
48.4484296	1.2396228
48.343929	1.493526
48.343929	1.493526
48.343929	1.493526
48.343929	1.493526
48.343929	1.493526
48.343929	1.493526
48.343929	1.493526
48.343929	1.493526
48.106777	1.3687419
48.106777	1.3687419
48.736134	1.370889
48.736134	1.370889
48.736134	1.370889
48.736134	1.370889
48.736134	1.370889
48.736134	1.370889
48.722583	1.3821842
48.722583	1.3821842
48.722583	1.3821842
48.722583	1.3821842
48.722583	1.3821842
48.736134	1.370889
48.736134	1.370889
48.736134	1.370889
48.736134	1.370889
48.736134	1.370889
48.736134	1.370889
48.736134	1.370889
48.736134	1.370889
48.736134	1.370889
48.736134	1.370889
48.736134	1.370889
48.736134	1.370889
48.097697	1.121104
48.097697	1.121104
48.4359732	1.7110813
48.1949647	0.8967694
48.1385475	0.9786285
48.435982	1.713317
48.211341	1.166094
48.211341	1.166094
48.211341	1.166094
48.611497	0.9007844
48.5118231	1.5506078
48.5118231	1.5506078
48.5118231	1.5506078
48.5118231	1.5506078
48.5118231	1.5506078
48.085974	1.238798
48.085974	1.238798
48.44368	1.396017
48.366113	1.3304959
48.366113	1.3304959
48.305356	1.240848
48.305356	1.240848
48.611497	0.9007844
48.58715	1.57774
48.6480535	1.5307929
48.6480535	1.5307929
48.6052776	1.6731417
48.6052776	1.6731417
48.6052776	1.6731417
48.6052776	1.6731417
48.6052776	1.6731417
48.6052776	1.6731417
48.6052776	1.6731417
48.6052776	1.6731417
48.6052776	1.6731417
48.6052776	1.6731417
48.6052776	1.6731417
48.7475787	1.2454981
48.7475787	1.2454981
48.7475787	1.2454981
48.7475787	1.2454981
48.4137378	1.3655683
48.4137378	1.3655683
48.4137378	1.3655683
48.4137378	1.3655683
48.736134	1.370889
48.736134	1.370889
48.736134	1.370889
48.736134	1.370889
48.736134	1.370889
48.736134	1.370889
48.5567049	1.0313112
48.5567049	1.0313112
48.4740447	1.3129074
48.524831	1.689383
48.524831	1.689383
48.524831	1.689383
48.6003969	1.6425528
48.6003969	1.6425528
48.6003969	1.6425528
48.305356	1.240848
48.305356	1.240848
48.305356	1.240848
48.5118231	1.5506078
48.5118231	1.5506078
48.5118231	1.5506078
48.1385475	0.9786285
48.611497	0.9007844
48.611497	0.9007844
48.611497	0.9007844
48.243881	1.484329
48.243881	1.484329
48.243881	1.484329
48.243881	1.484329
48.469994	1.480882
48.469994	1.480882
48.469994	1.480882
48.469994	1.480882
48.469994	1.480882
48.469994	1.480882
48.147655	1.262087
48.147655	1.262087
48.4416495	1.4537086
48.4416495	1.4537086
48.4416495	1.4537086
48.4416495	1.4537086
48.4416495	1.4537086
48.4416495	1.4537086
48.439669	1.4614936
48.439669	1.4614936
48.439669	1.4614936
48.439669	1.4614936
48.439669	1.4614936
48.439669	1.4614936
48.439669	1.4614936
48.439669	1.4614936
48.439669	1.4614936
48.439669	1.4614936
48.439669	1.4614936
48.439669	1.4614936
48.439669	1.4614936
48.4231765	1.4629492
48.4231765	1.4629492
48.4231765	1.4629492
48.4231765	1.4629492
48.4231765	1.4629492
48.4231765	1.4629492
48.4231765	1.4629492
48.4231765	1.4629492
48.4231765	1.4629492
48.4231765	1.4629492
48.7236196	1.3946618
48.0595068	1.4137529
48.0595068	1.4137529
48.0595068	1.4137529
48.0595068	1.4137529
48.58715	1.57774
48.58715	1.57774
48.58715	1.57774
48.58715	1.57774
48.58715	1.57774
48.58715	1.57774
48.58715	1.57774
48.58715	1.57774
48.58715	1.57774
48.58715	1.57774
48.4470186	1.4691444
48.1130545	1.3316643
48.1130545	1.3316643
48.1130545	1.3316643
48.446655	1.5771253
48.446655	1.5771253
48.446655	1.5771253
48.6480535	1.5307929
48.6480535	1.5307929
48.6480535	1.5307929
48.6480535	1.5307929
48.6480535	1.5307929
48.6480535	1.5307929
48.6480535	1.5307929
48.6480535	1.5307929
48.6480535	1.5307929
48.6480535	1.5307929
48.3280653	0.8023185
48.3280653	0.8023185
48.3280653	0.8023185
48.3280653	0.8023185
48.3280653	0.8023185
48.3280653	0.8023185
48.3280653	0.8023185
48.3280653	0.8023185
48.3280653	0.8023185
48.07873	1.322438
48.800542	1.501719
48.800542	1.501719
48.800542	1.501719
48.800542	1.501719
48.800542	1.501719
48.800542	1.501719
48.800542	1.501719
48.800542	1.501719
48.800542	1.501719
48.7475787	1.2454981
48.7475787	1.2454981
48.7475787	1.2454981
48.7475787	1.2454981
48.7475787	1.2454981
48.7475787	1.2454981
48.658526	1.27365
48.658526	1.27365
48.658526	1.27365
48.5567049	1.0313112
48.4125889	1.598142
48.4125889	1.598142
48.4125889	1.598142
48.4125889	1.598142
48.4125889	1.598142
48.4125889	1.598142
48.085974	1.238798
48.4137378	1.3655683
48.4137378	1.3655683
48.4137378	1.3655683
48.4137378	1.3655683
48.4137378	1.3655683
48.4137378	1.3655683
48.4137378	1.3655683
48.4137378	1.3655683
48.4137378	1.3655683
48.4137378	1.3655683
48.4799789	1.0025291
48.516677	1.75893
48.516677	1.75893
48.4799789	1.0025291
48.4799789	1.0025291
48.4799789	1.0025291
48.4799789	1.0025291
48.311338	0.995197
48.311338	0.995197
48.311338	0.995197
48.311338	0.995197
48.311338	0.995197
48.311338	0.995197
48.311338	0.995197
48.6004018	1.3794182
48.6004018	1.3794182
48.6004018	1.3794182
48.6004018	1.3794182
48.6004018	1.3794182
48.6004018	1.3794182
48.6004018	1.3794182
48.6004018	1.3794182
48.676486	1.326941
48.676486	1.326941
48.676486	1.326941
48.676486	1.326941
48.002478	1.233193
48.002478	1.233193
48.002478	1.233193
48.002478	1.233193
48.002478	1.233193
48.002478	1.233193
48.002478	1.233193
48.002478	1.233193
48.1814385	1.3853589
48.1814385	1.3853589
48.1814385	1.3853589
48.1814385	1.3853589
48.1814385	1.3853589
48.1814385	1.3853589
48.1814385	1.3853589
48.1814385	1.3853589
48.1814385	1.3853589
48.1814385	1.3853589
48.1814385	1.3853589
48.674302	1.377961
48.674302	1.377961
48.674302	1.377961
48.7173295	1.3311719
48.7621226	1.2398956
48.6728081	1.4627621
48.6728081	1.4627621
48.6728081	1.4627621
48.6728081	1.4627621
48.6728081	1.4627621
48.2724795	1.6273708
48.2724795	1.6273708
48.2724795	1.6273708
48.2724795	1.6273708
48.261404	1.74541
48.261404	1.74541
48.261404	1.74541
48.261404	1.74541
48.261404	1.74541
48.261404	1.74541
48.261404	1.74541
46.9570389	1.7290356
47.254952	1.653944
46.793065	1.719392
46.602902	0.969408
46.602902	0.969408
47.254952	1.653944
46.436404	1.8314445
46.436404	1.8314445
46.436404	1.8314445
46.436404	1.8314445
46.436404	1.8314445
46.888616	1.421823
46.888616	1.421823
46.888616	1.421823
46.888616	1.421823
46.888616	1.421823
46.888616	1.421823
46.888616	1.421823
46.888616	1.421823
46.888616	1.421823
46.785747	1.961199
46.785747	1.961199
46.785747	1.961199
47.189785	1.801483
46.7405141	1.8191509
46.7405141	1.8191509
46.7405141	1.8191509
46.7405141	1.8191509
46.7405141	1.8191509
46.7405141	1.8191509
46.7405141	1.8191509
46.7405141	1.8191509
46.939238	1.43686
46.941163	1.232358
46.941163	1.232358
46.8518507	1.069601
46.5408879	1.9385939
46.5408879	1.9385939
46.5408879	1.9385939
46.5513864	1.1572735
46.5513864	1.1572735
46.581574	1.973452
46.581574	1.973452
46.581574	1.973452
46.9807275	1.9723119
46.9807275	1.9723119
47.0408929	1.672736
47.0408929	1.672736
46.5580081	2.0232386
47.132904	1.686243
46.596211	1.8074812
46.596211	1.8074812
46.596211	1.8074812
46.596211	1.8074812
47.254952	1.653944
47.254952	1.653944
47.254952	1.653944
47.254952	1.653944
46.8031198	1.6926546
46.8031198	1.6926546
46.8031198	1.6926546
46.8031198	1.6926546
46.8031198	1.6926546
46.8031198	1.6926546
46.8031198	1.6926546
46.8031198	1.6926546
46.8031198	1.6926546
46.8031198	1.6926546
46.8031198	1.6926546
46.8031198	1.6926546
46.8031198	1.6926546
46.8053156	1.6835546
46.8053156	1.6835546
46.8053156	1.6835546
46.8053156	1.6835546
46.8053156	1.6835546
46.8053156	1.6835546
46.811434	1.686779
46.811434	1.686779
46.811434	1.686779
46.8031198	1.6926546
46.7984257	1.737875
46.8122283	1.7041966
46.8031198	1.6926546
46.8031198	1.6926546
46.8031198	1.6926546
46.8031198	1.6926546
46.6269909	1.245468
46.5439269	1.749891
46.5439269	1.749891
46.5439269	1.749891
46.8862809	1.714758
46.8862809	1.714758
46.5967709	1.016823
46.8053156	1.6835546
46.8053156	1.6835546
46.8053156	1.6835546
46.8053156	1.6835546
46.8053156	1.6835546
46.8053156	1.6835546
46.8053156	1.6835546
46.8053156	1.6835546
46.8031198	1.6926546
46.8087695	1.6757989
46.8087695	1.6757989
46.8087695	1.6757989
46.8087695	1.6757989
46.825648	1.700974
46.825648	1.700974
46.825648	1.700974
46.825648	1.700974
46.825648	1.700974
46.825648	1.700974
46.825648	1.700974
46.825648	1.700974
46.825648	1.700974
46.825648	1.700974
46.825648	1.700974
46.825648	1.700974
46.825648	1.700974
46.825648	1.700974
46.8255772	1.8141594
46.8255772	1.8141594
46.8255772	1.8141594
46.8255772	1.8141594
46.8255772	1.8141594
46.8255772	1.8141594
46.8255772	1.8141594
47.074794	1.816891
46.436404	1.8314445
46.581574	1.973452
46.581574	1.973452
46.596211	1.8074812
46.596211	1.8074812
46.8472971	1.5373162
46.8863879	1.858864
47.083915	1.346552
47.083915	1.346552
47.083915	1.346552
47.083915	1.346552
46.4381863	1.5692119
46.4381863	1.5692119
46.9223519	1.6666751
46.9223519	1.6666751
47.151962	1.662076
47.151962	1.662076
46.9223519	1.6666751
46.777584	1.783819
46.777584	1.783819
46.777584	1.783819
46.979735	1.614733
46.979735	1.614733
46.979735	1.614733
46.979735	1.614733
46.979735	1.614733
46.979735	1.614733
31.3440967	-85.4994192
31.3440967	-85.4994192
31.3440967	-85.4994192
46.443948	1.397098
46.443948	1.397098
46.443948	1.397098
46.688926	1.65052
46.688926	1.65052
46.688926	1.65052
46.688926	1.65052
46.688926	1.65052
46.688926	1.65052
46.688926	1.65052
46.8068325	1.0467943
46.8068325	1.0467943
46.8068325	1.0467943
46.8068325	1.0467943
46.8068325	1.0467943
46.8068325	1.0467943
46.8068325	1.0467943
46.8068325	1.0467943
46.8068325	1.0467943
46.5310019	1.8689715
46.5310019	1.8689715
46.481026	1.740871
46.481026	1.740871
46.481026	1.740871
46.481026	1.740871
46.481026	1.740871
46.887656	1.578607
46.887656	1.578607
46.94166	1.56207
46.94166	1.56207
46.8031198	1.6926546
46.5106645	1.3074627
46.5106645	1.3074627
46.5106645	1.3074627
46.5106645	1.3074627
46.8472971	1.5373162
46.481026	1.740871
47.1606951	1.568012
47.1606951	1.568012
47.1606951	1.568012
46.8472971	1.5373162
46.8472971	1.5373162
46.9593461	2.0212053
46.9593461	2.0212053
46.9593461	2.0212053
46.9593461	2.0212053
46.9593461	2.0212053
46.9593461	2.0212053
46.9593461	2.0212053
46.9593461	2.0212053
46.9593461	2.0212053
46.9593461	2.0212053
46.673347	1.795095
46.673347	1.795095
46.633239	1.064289
46.633239	1.064289
46.466248	1.217761
47.023624	1.752911
47.023624	1.752911
46.8637475	1.7725048
46.8637475	1.7725048
46.8637475	1.7725048
46.8078069	1.866624
46.8078069	1.866624
46.7924919	1.7109049
46.6492066	1.9021474
46.6492066	1.9021474
46.480073	1.744343
46.6010068	1.9795456
46.6010068	1.9795456
46.6010068	1.9795456
46.6010068	1.9795456
46.6010068	1.9795456
46.6010068	1.9795456
46.6010068	1.9795456
46.6010068	1.9795456
46.6010068	1.9795456
46.860295	1.771491
46.622392	1.626853
47.009257	1.5549
47.009257	1.5549
46.8863879	1.858864
46.8863879	1.858864
46.8863879	1.858864
46.8863879	1.858864
46.8287199	1.563968
46.8287199	1.563968
46.8287199	1.563968
46.8287199	1.563968
46.6393757	1.956329
46.6393757	1.956329
46.915743	1.037207
46.915743	1.037207
46.943575	1.314993
46.943575	1.314993
46.943575	1.314993
46.45411	1.443284
46.45411	1.443284
46.45411	1.443284
46.45411	1.443284
46.763343	1.720795
46.763343	1.720795
46.763343	1.720795
46.763343	1.720795
46.763343	1.720795
46.763343	1.720795
46.763343	1.720795
46.763343	1.720795
46.628738	1.478132
46.628738	1.478132
46.628738	1.478132
46.628738	1.478132
46.628738	1.478132
47.151962	1.662076
47.151962	1.662076
47.151962	1.662076
47.151962	1.662076
46.4839194	2.0032878
46.681106	1.040087
46.681106	1.040087
46.789005	2.048633
46.769407	1.89524
46.769407	1.89524
46.429379	2.053588
46.891609	2.0822569
47.074794	1.816891
46.45579	1.668164
46.45579	1.668164
47.074794	1.816891
47.074794	1.816891
47.074794	1.816891
47.074794	1.816891
47.074794	1.816891
47.074794	1.816891
47.074794	1.816891
47.074794	1.816891
47.074794	1.816891
47.074794	1.816891
46.5439269	1.749891
46.731852	1.965447
46.5106645	1.3074627
46.635521	1.423281
46.635521	1.423281
46.635521	1.423281
46.635521	1.423281
46.897804	1.4924789
46.897804	1.4924789
46.897804	1.4924789
46.601102	1.5140499
	
	
	
	
46.9256315	1.9185741
46.9256315	1.9185741
	
46.586446	1.52282
46.8444351	1.509095
46.406082	1.200776
46.7952556	1.6855338
46.7952556	1.6855338
46.7952556	1.6855338
46.7952556	1.6855338
46.7952556	1.6855338
46.7952556	1.6855338
46.7952556	1.6855338
46.7952556	1.6855338
46.7952556	1.6855338
46.7952556	1.6855338
46.7952556	1.6855338
46.7952556	1.6855338
46.7952556	1.6855338
47.1606951	1.568012
47.1606951	1.568012
47.1606951	1.568012
46.581574	1.973452
46.581574	1.973452
46.581574	1.973452
46.581574	1.973452
46.581574	1.973452
46.633239	1.064289
46.633239	1.064289
46.633239	1.064289
46.633239	1.064289
46.633239	1.064289
46.633239	1.064289
46.633239	1.064289
46.633239	1.064289
46.6010068	1.9795456
46.6010068	1.9795456
47.0849763	2.0422985
47.0849763	2.0422985
47.0849763	2.0422985
47.0849763	2.0422985
47.0849763	2.0422985
47.0849763	2.0422985
47.0849763	2.0422985
47.0849763	2.0422985
47.0849763	2.0422985
	
	
	
	
46.586381	1.529797
46.586381	1.529797
46.586381	1.529797
46.586381	1.529797
46.586381	1.529797
46.586381	1.529797
46.763343	1.720795
46.763343	1.720795
46.763343	1.720795
46.763343	1.720795
46.586381	1.529797
46.586381	1.529797
46.586381	1.529797
46.586381	1.529797
46.586381	1.529797
46.586381	1.529797
46.787568	1.37769
46.8023157	1.3581311
46.8023157	1.3581311
47.120837	1.525765
47.107346	1.53012
46.8472906	1.5373416
46.8473596	1.537955
46.8473596	1.537955
46.8473596	1.537955
46.962708	1.372582
47.1926655	1.4608415
46.8658377	1.6334024
46.8658377	1.6334024
47.1197226	0.4248886
47.1197226	0.4248886
47.1197226	0.4248886
47.4295364	0.6805767
47.4295364	0.6805767
47.4295364	0.6805767
47.4295364	0.6805767
47.4295364	0.6805767
47.4295364	0.6805767
47.4295364	0.6805767
47.4295364	0.6805767
47.4295364	0.6805767
47.4295364	0.6805767
47.4295364	0.6805767
47.4295364	0.6805767
47.4295364	0.6805767
47.4295364	0.6805767
47.4295364	0.6805767
47.415517	0.9830112
47.415517	0.9830112
47.415517	0.9830112
47.415517	0.9830112
47.415517	0.9830112
47.415517	0.9830112
47.415517	0.9830112
47.415517	0.9830112
47.415517	0.9830112
47.415517	0.9830112
47.415517	0.9830112
47.415517	0.9830112
47.415517	0.9830112
47.3798124	0.7270539
46.978499	0.577942
47.0527019	0.580328
47.0527019	0.580328
47.0527019	0.580328
47.0527019	0.580328
47.0527019	0.580328
47.0527019	0.580328
47.0527019	0.580328
47.0527019	0.580328
47.0527019	0.580328
47.3684398	0.7118087
47.3832745	0.6897966
47.3886243	0.6803162
47.230435	0.192386
47.230435	0.192386
47.230435	0.192386
47.230435	0.192386
47.230435	0.192386
47.230435	0.192386
47.230435	0.192386
47.230435	0.192386
47.230435	0.192386
47.230435	0.192386
47.230435	0.192386
47.230435	0.192386
47.230435	0.192386
47.230435	0.192386
47.2601954	0.4703299
47.2601954	0.4703299
47.2601954	0.4703299
47.2601954	0.4703299
47.2601954	0.4703299
47.2601954	0.4703299
47.2601954	0.4703299
47.2601954	0.4703299
47.2601954	0.4703299
47.2601954	0.4703299
47.2601954	0.4703299
47.2601954	0.4703299
47.2601954	0.4703299
47.2601954	0.4703299
47.2601954	0.4703299
47.2601954	0.4703299
47.2601954	0.4703299
47.2601954	0.4703299
47.2932496	0.2011788
47.1197226	0.4248886
47.1197226	0.4248886
47.1197226	0.4248886
47.1197226	0.4248886
47.1197226	0.4248886
47.1197226	0.4248886
47.282487	0.168611
47.282487	0.168611
47.2783602	0.1684577
47.2783602	0.1684577
47.2783602	0.1684577
47.2783602	0.1684577
47.2783602	0.1684577
47.2783602	0.1684577
47.2783602	0.1684577
47.2783602	0.1684577
47.2783602	0.1684577
47.2783602	0.1684577
47.2783602	0.1684577
47.2958017	0.3555172
47.2958017	0.3555172
	
	
47.3286844	0.7215055
47.3286844	0.7215055
47.3286844	0.7215055
47.3286844	0.7215055
47.3286844	0.7215055
47.3286844	0.7215055
47.3286844	0.7215055
47.3286844	0.7215055
47.3286844	0.7215055
47.3286844	0.7215055
47.3286844	0.7215055
47.3286844	0.7215055
47.3286844	0.7215055
47.3286844	0.7215055
47.3286844	0.7215055
47.3286844	0.7215055
47.3286844	0.7215055
47.3286844	0.7215055
47.0668859	0.323119
47.0668859	0.323119
47.0668859	0.323119
47.0668859	0.323119
47.4726923	0.70204
47.4726923	0.70204
47.4726923	0.70204
47.4726923	0.70204
47.4726923	0.70204
47.4726923	0.70204
47.4726923	0.70204
47.4726923	0.70204
47.4726923	0.70204
47.432341	1.030288
47.432341	1.030288
47.432341	1.030288
47.432341	1.030288
46.968085	1.026439
46.968085	1.026439
47.337489	0.989941
47.337489	0.989941
47.337489	0.989941
47.337489	0.989941
47.337489	0.989941
47.337489	0.989941
47.337489	0.989941
47.337489	0.989941
47.337489	0.989941
47.337489	0.989941
47.54275	0.836911
47.1244981	0.4603993
47.1244981	0.4603993
46.9819519	0.6850261
46.9819519	0.6850261
46.9819519	0.6850261
46.9819519	0.6850261
46.9819519	0.6850261
46.9819519	0.6850261
46.9819519	0.6850261
46.9819519	0.6850261
46.9819519	0.6850261
46.9819519	0.6850261
46.9819519	0.6850261
46.9819519	0.6850261
46.9819519	0.6850261
47.266654	0.356684
47.0410556	0.9072486
47.0410556	0.9072486
47.284385	0.78527
47.284385	0.78527
47.284385	0.78527
47.284385	0.78527
47.284385	0.78527
47.284385	0.78527
47.284385	0.78527
47.284385	0.78527
47.284385	0.78527
47.284385	0.78527
47.284385	0.78527
47.2272311	0.7717891
47.2272311	0.7717891
47.2272311	0.7717891
47.2272311	0.7717891
47.2272311	0.7717891
47.2272311	0.7717891
47.4126557	0.6942338
47.3317484	0.614065
47.3317484	0.614065
47.3317484	0.614065
47.138725	1.03656
47.138725	1.03656
47.4019139	0.6003327
47.4019139	0.6003327
47.4019139	0.6003327
47.4019139	0.6003327
47.4019139	0.6003327
47.4019139	0.6003327
47.4019139	0.6003327
46.920619	0.803318
46.920619	0.803318
47.5166439	0.648309
47.5166439	0.648309
47.5166439	0.648309
47.5166439	0.648309
47.5166439	0.648309
47.5166439	0.648309
47.5166439	0.648309
47.5166439	0.648309
47.5166439	0.648309
47.5166439	0.648309
47.5166439	0.648309
47.5166439	0.648309
47.184903	1.0932679
47.184903	1.0932679
47.392582	0.195967
47.664534	0.751185
47.2214593	0.2732787
47.282328	0.266382
47.282328	0.266382
47.282328	0.266382
47.3544784	0.6567072
47.3544784	0.6567072
47.3544784	0.6567072
47.3544784	0.6567072
47.3544784	0.6567072
47.3544784	0.6567072
47.3544784	0.6567072
47.3544784	0.6567072
47.3544784	0.6567072
47.3544784	0.6567072
47.3544784	0.6567072
47.3544784	0.6567072
47.3544784	0.6567072
47.3544784	0.6567072
47.3544784	0.6567072
47.3544784	0.6567072
47.3544784	0.6567072
47.3544784	0.6567072
47.3251928	0.6548621
47.3251928	0.6548621
47.3251928	0.6548621
47.3251928	0.6548621
47.3251928	0.6548621
47.3251928	0.6548621
47.3251928	0.6548621
47.412068	0.799248
47.444617	0.320189
47.444617	0.320189
47.4525505	0.6492729
47.4525505	0.6492729
47.4525505	0.6492729
47.4525505	0.6492729
47.3245196	0.4082001
47.3245196	0.4082001
47.3245196	0.4082001
47.3245196	0.4082001
47.3245196	0.4082001
47.3245196	0.4082001
47.3245196	0.4082001
47.3245196	0.4082001
47.0133023	0.3240118
47.0133023	0.3240118
47.0133023	0.3240118
47.0133023	0.3240118
47.2978543	0.4171246
47.2978543	0.4171246
47.459387	1.040952
47.459387	1.040952
47.1267175	1.0014779
47.1267175	1.0014779
47.1267175	1.0014779
47.1267175	1.0014779
47.1267175	1.0014779
47.1267175	1.0014779
47.1267175	1.0014779
47.1267175	1.0014779
47.1267175	1.0014779
47.1267175	1.0014779
47.384882	0.554293
47.384882	0.554293
47.384882	0.554293
47.384882	0.554293
47.384882	0.554293
47.262128	1.059992
47.262128	1.059992
47.3833929	0.4245773
47.4525505	0.6492729
47.4525505	0.6492729
47.4525505	0.6492729
47.4525505	0.6492729
47.4525505	0.6492729
47.4525505	0.6492729
47.4525505	0.6492729
47.4977713	0.7839985
47.4977713	0.7839985
47.4977713	0.7839985
47.4977713	0.7839985
47.4977713	0.7839985
47.4977713	0.7839985
47.4977713	0.7839985
47.4977713	0.7839985
47.2869839	0.713777
47.2869839	0.713777
47.2869839	0.713777
47.2869839	0.713777
47.2869839	0.713777
47.64971	0.837418
47.3868469	0.8170766
47.3868469	0.8170766
47.3868469	0.8170766
47.3868469	0.8170766
47.3868469	0.8170766
47.3868469	0.8170766
47.3868469	0.8170766
47.3868469	0.8170766
47.3868469	0.8170766
47.3868469	0.8170766
47.3868469	0.8170766
47.3868469	0.8170766
47.3868469	0.8170766
47.3868469	0.8170766
47.3868469	0.8170766
47.3868469	0.8170766
47.487338	0.9482691
47.487338	0.9482691
47.275336	0.6427079
47.275336	0.6427079
47.275336	0.6427079
47.275336	0.6427079
47.275336	0.6427079
47.275336	0.6427079
47.275336	0.6427079
47.275336	0.6427079
47.275336	0.6427079
47.275336	0.6427079
47.275336	0.6427079
47.275336	0.6427079
47.275336	0.6427079
47.4316668	0.9542409
47.4316668	0.9542409
47.4316668	0.9542409
47.4316668	0.9542409
47.4316668	0.9542409
47.4316668	0.9542409
47.457142	0.707757
47.457142	0.707757
47.457142	0.707757
47.457142	0.707757
47.457142	0.707757
47.457142	0.707757
47.457142	0.707757
47.457142	0.707757
47.457142	0.707757
47.457142	0.707757
47.457142	0.707757
47.543367	0.744155
47.543367	0.744155
47.543367	0.744155
47.2096813	1.2352541
47.3317484	0.614065
47.3317484	0.614065
47.3317484	0.614065
47.3317484	0.614065
47.3317484	0.614065
47.3317484	0.614065
47.3317484	0.614065
47.3317484	0.614065
47.3317484	0.614065
47.3317484	0.614065
47.3317484	0.614065
47.3317484	0.614065
47.3317484	0.614065
47.3317484	0.614065
47.4418535	0.7422243
47.4418535	0.7422243
47.4418535	0.7422243
47.4418535	0.7422243
47.605829	0.5986737
47.605829	0.5986737
47.605829	0.5986737
47.605829	0.5986737
47.605829	0.5986737
47.605829	0.5986737
47.605829	0.5986737
47.605829	0.5986737
47.605829	0.5986737
47.605829	0.5986737
47.1570255	1.1965454
47.1570255	1.1965454
47.1570255	1.1965454
47.1570255	1.1965454
47.1570255	1.1965454
47.443899	0.499282
47.443899	0.499282
47.443899	0.499282
47.443899	0.499282
47.443899	0.499282
47.443899	0.499282
47.443899	0.499282
47.443899	0.499282
47.100065	1.013676
47.443001	0.990935
47.0150212	0.5538373
47.0150212	0.5538373
47.081879	0.532979
47.2282636	0.9116846
47.2282636	0.9116846
47.2282636	0.9116846
47.2282636	0.9116846
47.2282636	0.9116846
47.5985641	0.915041
47.5985641	0.915041
47.5985641	0.915041
47.5985641	0.915041
47.5985641	0.915041
47.5985641	0.915041
47.5985641	0.915041
47.5985641	0.915041
47.5985641	0.915041
47.3835142	0.6486092
47.3835142	0.6486092
47.3835142	0.6486092
47.3835142	0.6486092
47.3835142	0.6486092
47.3835142	0.6486092
47.3835142	0.6486092
47.3835142	0.6486092
47.3835142	0.6486092
47.3835142	0.6486092
47.3835142	0.6486092
47.3835142	0.6486092
47.3835142	0.6486092
47.3835142	0.6486092
47.0126203	0.3240318
47.0126203	0.3240318
47.0126203	0.3240318
47.0126203	0.3240318
47.0126203	0.3240318
47.0126203	0.3240318
47.0126203	0.3240318
47.058026	0.493935
47.4142311	0.7548735
47.4142311	0.7548735
47.4142311	0.7548735
47.4142311	0.7548735
47.4142311	0.7548735
47.4142311	0.7548735
47.4142311	0.7548735
47.4142311	0.7548735
47.1573	0.65407
47.0697525	0.6722994
47.4226391	0.6598074
47.520326	0.398873
47.520326	0.398873
47.520326	0.398873
	
47.4966375	0.62919
47.346465	0.7302485
47.346465	0.7302485
47.346465	0.7302485
47.346465	0.7302485
47.346465	0.7302485
47.346465	0.7302485
47.346465	0.7302485
47.346465	0.7302485
47.346465	0.7302485
47.346465	0.7302485
47.346465	0.7302485
47.215351	0.321748
47.4226391	0.6598074
47.4226391	0.6598074
47.4226391	0.6598074
47.4226391	0.6598074
47.4226391	0.6598074
47.4226391	0.6598074
47.4226391	0.6598074
47.4226391	0.6598074
47.4226391	0.6598074
47.4226391	0.6598074
47.4226391	0.6598074
47.4226391	0.6598074
47.4226391	0.6598074
47.4226391	0.6598074
47.4226391	0.6598074
47.4226391	0.6598074
47.4226391	0.6598074
47.4226391	0.6598074
47.4226391	0.6598074
47.144626	0.53659
47.144626	0.53659
47.3781745	0.5998928
47.356049	0.9103625
47.284852	0.12535
47.284852	0.12535
47.3864547	0.7187457
47.391311	0.73802
47.391311	0.73802
47.391311	0.73802
47.391311	0.73802
47.391311	0.73802
47.391311	0.73802
47.391311	0.73802
47.391311	0.73802
47.391311	0.73802
47.391311	0.73802
47.391311	0.73802
47.391311	0.73802
47.391311	0.73802
47.4126557	0.6942338
47.4126557	0.6942338
47.4126557	0.6942338
47.4126557	0.6942338
47.4126557	0.6942338
47.4966375	0.62919
47.356049	0.9103625
47.4126557	0.6942338
47.1066201	0.5855875
47.1066201	0.5855875
47.1066201	0.5855875
47.3614773	0.6923066
47.3614773	0.6923066
47.3614773	0.6923066
47.3614773	0.6923066
47.3918459	0.7500485
47.3761002	0.6991048
47.3918459	0.7500485
47.3918459	0.7500485
47.3761002	0.6991048
47.3761002	0.6991048
47.3832745	0.6897966
47.3415464	0.630772
47.3772621	0.7326751
47.3772621	0.7326751
47.3772621	0.7326751
47.3772621	0.7326751
47.3772621	0.7326751
47.3772621	0.7326751
47.3772621	0.7326751
47.3772621	0.7326751
47.3772621	0.7326751
47.3772621	0.7326751
47.3772621	0.7326751
47.3772621	0.7326751
47.3772621	0.7326751
47.3772621	0.7326751
47.3772621	0.7326751
47.3772621	0.7326751
47.3772621	0.7326751
47.3772621	0.7326751
47.3772621	0.7326751
47.3772621	0.7326751
47.3772621	0.7326751
47.3772621	0.7326751
47.417464	0.7060995
47.417464	0.7060995
47.4126557	0.6942338
47.4126557	0.6942338
47.4126557	0.6942338
47.4126557	0.6942338
47.4126557	0.6942338
47.4126557	0.6942338
47.4126557	0.6942338
47.3684398	0.7118087
47.3684398	0.7118087
47.3684398	0.7118087
47.3684398	0.7118087
47.3684398	0.7118087
47.3684398	0.7118087
47.3684398	0.7118087
47.3684398	0.7118087
47.3684398	0.7118087
47.3832745	0.6897966
47.3261	0.9942552
47.451049	0.872756
47.451049	0.872756
47.451049	0.872756
47.451049	0.872756
47.3261	0.9942552
47.3261	0.9942552
47.3261	0.9942552
47.3261	0.9942552
47.3261	0.9942552
47.3261	0.9942552
47.3261	0.9942552
	
	
	
	
	
	
	
	
47.0856643	0.7921153
47.0856643	0.7921153
47.0856643	0.7921153
47.0856643	0.7921153
47.0856643	0.7921153
47.0856643	0.7921153
47.0856643	0.7921153
47.2562556	0.572874
47.2562556	0.572874
47.2562556	0.572874
47.2562556	0.572874
47.2562556	0.572874
47.2562556	0.572874
47.2562556	0.572874
47.2753707	0.8443978
47.2753707	0.8443978
47.2753707	0.8443978
47.2753707	0.8443978
47.2753707	0.8443978
47.2753707	0.8443978
47.2753707	0.8443978
47.2753707	0.8443978
47.2753707	0.8443978
47.2753707	0.8443978
47.2828005	0.7485102
47.2828005	0.7485102
47.2828005	0.7485102
47.2828005	0.7485102
47.2828005	0.7485102
47.2828005	0.7485102
47.2828005	0.7485102
47.2828005	0.7485102
47.2828005	0.7485102
47.3535394	0.8017415
47.3535394	0.8017415
47.3535394	0.8017415
47.3535394	0.8017415
47.3535394	0.8017415
47.3535394	0.8017415
47.3535394	0.8017415
47.3535394	0.8017415
47.3535394	0.8017415
47.3535394	0.8017415
47.3535394	0.8017415
47.200575	0.1451369
47.200575	0.1451369
47.200575	0.1451369
47.200575	0.1451369
47.3926795	0.7519086
47.3926795	0.7519086
47.3926795	0.7519086
47.3926795	0.7519086
47.3926795	0.7519086
47.3926795	0.7519086
47.3926795	0.7519086
47.545771	0.888592
47.545771	0.888592
47.545771	0.888592
47.545771	0.888592
47.545771	0.888592
47.545771	0.888592
47.2061364	0.6399366
47.2061364	0.6399366
47.574813	0.312405
47.574813	0.312405
47.574813	0.312405
47.574813	0.312405
46.854377	0.928917
46.854377	0.928917
46.854377	0.928917
46.854377	0.928917
46.854377	0.928917
46.854377	0.928917
46.854377	0.928917
47.538157	1.306696
47.538157	1.306696
47.538157	1.306696
47.538157	1.306696
47.538157	1.306696
47.538157	1.306696
47.538157	1.306696
47.538157	1.306696
47.4899757	1.408391
47.5860921	1.3359475
47.980515	0.894653
47.980515	0.894653
47.980515	0.894653
47.980515	0.894653
47.980515	0.894653
47.980515	0.894653
47.583065	1.3037526
47.583065	1.3037526
47.583065	1.3037526
47.593061	1.3007455
47.593061	1.3007455
47.593061	1.3007455
47.593061	1.3007455
47.593061	1.3007455
47.593061	1.3007455
47.593061	1.3007455
47.5860921	1.3359475
47.5860921	1.3359475
47.5860921	1.3359475
47.5860921	1.3359475
47.5860921	1.3359475
47.5860921	1.3359475
47.5860921	1.3359475
47.5860921	1.3359475
47.5860921	1.3359475
47.583065	1.3037526
47.583065	1.3037526
47.583065	1.3037526
47.583065	1.3037526
47.583065	1.3037526
47.583065	1.3037526
47.583065	1.3037526
47.583065	1.3037526
47.583065	1.3037526
47.583065	1.3037526
47.583065	1.3037526
47.583065	1.3037526
47.583065	1.3037526
47.583065	1.3037526
47.583065	1.3037526
47.583065	1.3037526
47.583065	1.3037526
47.583065	1.3037526
47.583065	1.3037526
47.583065	1.3037526
47.583065	1.3037526
47.583065	1.3037526
47.583065	1.3037526
47.583065	1.3037526
47.583065	1.3037526
47.583065	1.3037526
47.583065	1.3037526
47.583065	1.3037526
47.583065	1.3037526
47.9118728	1.5234874
47.9118728	1.5234874
47.7169869	1.6117019
47.3430136	1.1838738
47.3430136	1.1838738
47.3506942	1.4797517
47.3506942	1.4797517
47.7169869	1.6117019
47.7169869	1.6117019
47.538157	1.306696
47.538157	1.306696
47.538157	1.306696
47.538157	1.306696
47.538157	1.306696
47.538157	1.306696
47.538157	1.306696
47.264819	1.904471
47.264819	1.904471
47.264819	1.904471
47.264819	1.904471
47.4824332	1.1941323
47.6094402	1.9037567
47.6094402	1.9037567
47.6094402	1.9037567
47.6094402	1.9037567
47.6094402	1.9037567
