47.0870399	2.391194
47.0870399	2.391194
47.0870399	2.391194
47.0870399	2.391194
47.0870399	2.391194
47.0870399	2.391194
47.0870399	2.391194
47.197817	2.571073
47.197817	2.571073
47.197817	2.571073
47.5590877	2.4449075
47.5590877	2.4449075
47.4683196	2.4548883
47.032962	2.652172
47.032962	2.652172
47.032962	2.652172
47.032962	2.652172
47.032962	2.652172
47.032962	2.652172
47.080802	2.7281901
46.9987448	2.7487145
46.9987448	2.7487145
47.0578219	2.4145535
47.0578219	2.4145535
47.0578219	2.4145535
46.784568	2.371424
47.0818269	2.4039338
47.0818269	2.4039338
47.0818269	2.4039338
47.0818269	2.4039338
47.0818269	2.4039338
47.0818269	2.4039338
47.0818269	2.4039338
47.0818269	2.4039338
47.0818269	2.4039338
47.0818269	2.4039338
47.0818269	2.4039338
47.0818269	2.4039338
47.0818269	2.4039338
47.0818269	2.4039338
47.0818269	2.4039338
47.0818269	2.4039338
47.0818269	2.4039338
47.0818269	2.4039338
47.0818269	2.4039338
47.0818269	2.4039338
47.0818269	2.4039338
47.0818269	2.4039338
47.0818269	2.4039338
47.0818269	2.4039338
47.0818269	2.4039338
47.0652327	2.3914803
47.0652327	2.3914803
47.0652327	2.3914803
47.0652327	2.3914803
47.0652327	2.3914803
47.0652327	2.3914803
47.0652327	2.3914803
47.0652327	2.3914803
47.0652327	2.3914803
47.0652327	2.3914803
47.0652327	2.3914803
47.0652327	2.3914803
47.0652327	2.3914803
47.0652327	2.3914803
47.0652327	2.3914803
47.0652327	2.3914803
47.0578219	2.4145535
47.0578219	2.4145535
47.0578219	2.4145535
47.0578219	2.4145535
47.102745	2.402076
47.102745	2.402076
47.102745	2.402076
47.102745	2.402076
47.102745	2.402076
47.102745	2.402076
47.102745	2.402076
47.102745	2.402076
47.102745	2.402076
47.0928502	2.4179004
47.0928502	2.4179004
47.0928502	2.4179004
47.0928502	2.4179004
47.0928502	2.4179004
47.0928502	2.4179004
47.0928502	2.4179004
47.0928502	2.4179004
47.0928502	2.4179004
47.1196814	2.6150722
47.1196814	2.6150722
46.8917911	2.732253
47.0712914	2.3207512
47.0712914	2.3207512
47.0712914	2.3207512
47.0712914	2.3207512
47.0712914	2.3207512
47.0712914	2.3207512
47.0712914	2.3207512
47.0712914	2.3207512
47.0712914	2.3207512
47.0712914	2.3207512
47.0712914	2.3207512
46.7295209	2.6440142
46.7295209	2.6440142
46.7295209	2.6440142
46.7295209	2.6440142
46.7295209	2.6440142
46.857453	2.317307
46.857453	2.317307
46.857453	2.317307
46.857453	2.317307
46.9667417	2.1744627
47.152232	1.991003
47.152232	1.991003
46.700066	2.541513
46.887605	2.572022
46.887605	2.572022
46.887605	2.572022
46.887605	2.572022
46.887605	2.572022
46.887605	2.572022
46.887605	2.572022
47.4683196	2.4548883
47.032962	2.652172
47.4683196	2.4548883
47.4683196	2.4548883
47.4683196	2.4548883
47.5590877	2.4449075
47.4683196	2.4548883
47.3036884	2.5243972
47.1863243	2.4640179
47.1863243	2.4640179
47.1863243	2.4640179
47.3296678	2.8392712
47.3296678	2.8392712
47.3296678	2.8392712
47.3296678	2.8392712
47.3296678	2.8392712
47.1782263	2.1592839
47.1782263	2.1592839
47.1782263	2.1592839
47.1033543	2.4091684
47.1863243	2.4640179
47.1863243	2.4640179
47.1863243	2.4640179
47.1863243	2.4640179
47.1863243	2.4640179
47.203643	2.081823
47.142242	1.846102
46.857453	2.317307
46.857453	2.317307
46.857453	2.317307
46.857453	2.317307
46.9929705	2.2445893
46.9504846	2.944948
46.9504846	2.944948
46.9504846	2.944948
46.9504846	2.944948
47.3036884	2.5243972
47.3036884	2.5243972
47.3036884	2.5243972
47.3036884	2.5243972
47.3036884	2.5243972
47.3036884	2.5243972
47.3036884	2.5243972
47.3036884	2.5243972
47.215668	2.951815
46.7076628	2.2388205
46.7076628	2.2388205
47.396747	2.684072
47.158036	2.3879055
47.1863243	2.4640179
47.1863243	2.4640179
47.1863243	2.4640179
47.1863243	2.4640179
46.9504846	2.944948
46.9504846	2.944948
46.9504846	2.944948
47.043864	2.560507
47.043864	2.560507
47.471202	2.872511
47.197817	2.571073
47.197817	2.571073
46.925337	2.406943
46.925337	2.406943
46.750499	2.176182
46.750499	2.176182
47.092312	3.007085
47.092312	3.007085
47.092312	3.007085
47.092312	3.007085
47.092312	3.007085
47.092312	3.007085
47.092312	3.007085
47.092312	3.007085
47.092312	3.007085
46.9494844	2.251088
46.9494844	2.251088
46.9494844	2.251088
47.1212794	2.0439263
47.1212794	2.0439263
47.1212794	2.0439263
47.1212794	2.0439263
47.1212794	2.0439263
46.697735	2.367775
47.1016875	2.2846885
47.152232	1.991003
47.152232	1.991003
47.152232	1.991003
47.152232	1.991003
47.152232	1.991003
47.152232	1.991003
47.145637	2.217346
47.145637	2.217346
47.145637	2.217346
47.145637	2.217346
47.145637	2.217346
47.145637	2.217346
47.145637	2.217346
47.145637	2.217346
47.145637	2.217346
47.145637	2.217346
47.1451199	2.2174675
47.1451199	2.2174675
47.1451199	2.2174675
47.3136294	2.3626668
47.2412769	2.5960709
47.0367249	2.278304
47.0367249	2.278304
47.0367249	2.278304
47.0837308	2.5166523
47.0837308	2.5166523
47.350603	2.1958289
47.350603	2.1958289
46.997948	2.818766
46.997948	2.818766
46.997948	2.818766
47.315155	2.2537379
46.7264065	2.4815702
46.7264065	2.4815702
46.7264065	2.4815702
46.7264065	2.4815702
46.7264065	2.4815702
47.0928502	2.4179004
46.996674	2.455291
46.996674	2.455291
46.996674	2.455291
46.996674	2.455291
47.015212	2.15512
47.015212	2.15512
46.9929705	2.2445893
46.831017	2.919734
46.831017	2.919734
46.831017	2.919734
46.831017	2.919734
47.441623	2.808783
47.441623	2.808783
47.441623	2.808783
47.043864	2.560507
47.186696	2.517544
47.186696	2.517544
46.7358316	2.5051142
46.7358316	2.5051142
46.7358316	2.5051142
46.7358316	2.5051142
46.7358316	2.5051142
46.7358316	2.5051142
46.7358316	2.5051142
46.7358316	2.5051142
46.7358316	2.5051142
46.7358316	2.5051142
46.7358316	2.5051142
46.7358316	2.5051142
47.1030126	2.3732307
47.1030126	2.3732307
47.1030126	2.3732307
47.1030126	2.3732307
47.1030126	2.3732307
47.1030126	2.3732307
47.1030126	2.3732307
47.1030126	2.3732307
47.1030126	2.3732307
47.1030126	2.3732307
46.9929705	2.2445893
46.9929705	2.2445893
46.9929705	2.2445893
46.9929705	2.2445893
46.9929705	2.2445893
46.9929705	2.2445893
46.9929705	2.2445893
47.2264973	1.9262809
47.2264973	1.9262809
46.687989	2.478477
47.1002606	2.4877143
47.1002606	2.4877143
47.1002606	2.4877143
47.1002606	2.4877143
47.1002606	2.4877143
47.1002606	2.4877143
47.1002606	2.4877143
47.1002606	2.4877143
47.1002606	2.4877143
47.1002606	2.4877143
47.1002606	2.4877143
47.1002606	2.4877143
47.2063453	2.0193433
47.2063453	2.0193433
46.992162	2.50974
46.992162	2.50974
47.134273	2.54699
47.134273	2.54699
47.134273	2.54699
47.134273	2.54699
47.010805	2.294142
47.02391	2.9628169
47.0607088	2.3834822
47.0607088	2.3834822
47.0607088	2.3834822
47.0607088	2.3834822
47.0607088	2.3834822
47.0607088	2.3834822
47.0607088	2.3834822
47.0607088	2.3834822
47.0607088	2.3834822
47.0607088	2.3834822
47.0607088	2.3834822
47.0607088	2.3834822
46.562103	2.2018749
46.562103	2.2018749
46.562103	2.2018749
46.562103	2.2018749
46.562103	2.2018749
46.562103	2.2018749
46.562103	2.2018749
47.158036	2.3879055
47.158036	2.3879055
47.158036	2.3879055
47.158036	2.3879055
47.3296678	2.8392712
47.3296678	2.8392712
47.3296678	2.8392712
47.3296678	2.8392712
47.203643	2.081823
47.203643	2.081823
47.203643	2.081823
47.203643	2.081823
47.203643	2.081823
47.203643	2.081823
47.2356127	2.0656965
47.2356127	2.0656965
47.2356127	2.0656965
47.2356127	2.0656965
47.2356127	2.0656965
47.2356127	2.0656965
47.2356127	2.0656965
47.2356127	2.0656965
47.2356127	2.0656965
47.2356127	2.0656965
47.2356127	2.0656965
47.2356127	2.0656965
47.2356127	2.0656965
47.2356127	2.0656965
47.1978619	2.1748227
47.1978619	2.1748227
47.1978619	2.1748227
47.1978619	2.1748227
47.1978619	2.1748227
47.1978619	2.1748227
47.1978619	2.1748227
47.1978619	2.1748227
47.1978619	2.1748227
47.1978619	2.1748227
47.203643	2.081823
47.203643	2.081823
48.7357807	1.3889728
48.7357807	1.3889728
48.2001035	1.8829094
48.2001035	1.8829094
48.2001035	1.8829094
48.2001035	1.8829094
48.2001035	1.8829094
48.2001035	1.8829094
48.229674	1.366219
48.6051766	1.6731424
48.6051766	1.6731424
48.8565299	1.4391746
48.8565299	1.4391746
48.321762	0.8217759
48.44368	1.396017
48.44368	1.396017
48.44368	1.396017
48.44368	1.396017
48.44368	1.396017
48.3107008	1.9977842
48.3107008	1.9977842
48.3107008	1.9977842
48.3107008	1.9977842
48.3107008	1.9977842
48.3107008	1.9977842
48.3107008	1.9977842
48.3107008	1.9977842
48.3107008	1.9977842
48.097697	1.121104
48.443854	1.489012
48.4359732	1.7110813
48.4359732	1.7110813
48.4359732	1.7110813
48.4359732	1.7110813
48.4359732	1.7110813
48.4359732	1.7110813
48.4632507	1.7754782
48.4632507	1.7754782
48.4632507	1.7754782
48.4632507	1.7754782
48.4632507	1.7754782
48.4632507	1.7754782
48.4632507	1.7754782
48.261404	1.74541
48.261404	1.74541
48.261404	1.74541
48.3091226	1.3704857
48.3091226	1.3704857
48.3091226	1.3704857
48.145775	1.6807583
48.145775	1.6807583
48.145775	1.6807583
48.5019831	1.0575842
48.5019831	1.0575842
48.3822319	1.5575219
48.3822319	1.5575219
48.3822319	1.5575219
48.3822319	1.5575219
48.3822319	1.5575219
48.3822319	1.5575219
48.435982	1.713317
48.435982	1.713317
48.435982	1.713317
48.435982	1.713317
48.435982	1.713317
48.435982	1.713317
48.435982	1.713317
48.7447007	1.5875145
48.6900917	1.0725298
48.6900917	1.0725298
48.6900917	1.0725298
48.6900917	1.0725298
48.6900917	1.0725298
48.6900917	1.0725298
48.211341	1.166094
48.211341	1.166094
48.211341	1.166094
48.211341	1.166094
48.211341	1.166094
48.211341	1.166094
48.4498764	1.503724
48.4498764	1.503724
48.4498764	1.503724
48.4498764	1.503724
48.4498764	1.503724
48.4498764	1.503724
48.4498764	1.503724
48.4498764	1.503724
48.4498764	1.503724
48.4498764	1.503724
48.4498764	1.503724
48.4498764	1.503724
48.4498764	1.503724
48.4498764	1.503724
48.4498764	1.503724
48.4498764	1.503724
48.4498764	1.503724
48.4498764	1.503724
48.4498764	1.503724
48.4498764	1.503724
48.4498764	1.503724
48.4498764	1.503724
48.4498764	1.503724
48.4498764	1.503724
48.4498764	1.503724
48.4498764	1.503724
48.4498764	1.503724
48.4498764	1.503724
48.4498764	1.503724
48.4498764	1.503724
48.4498764	1.503724
48.4498764	1.503724
48.4498764	1.503724
48.4470186	1.4691444
48.4470186	1.4691444
48.4470186	1.4691444
48.4470186	1.4691444
48.4470186	1.4691444
48.4470186	1.4691444
48.4470186	1.4691444
48.4470186	1.4691444
48.4470186	1.4691444
48.4470186	1.4691444
48.4470186	1.4691444
48.4470186	1.4691444
48.4470186	1.4691444
48.4470186	1.4691444
48.4470186	1.4691444
48.4470186	1.4691444
48.4470186	1.4691444
48.4470186	1.4691444
48.4470186	1.4691444
48.4470186	1.4691444
48.4470186	1.4691444
48.4690043	1.4998646
48.4690043	1.4998646
48.4690043	1.4998646
48.4690043	1.4998646
48.4690043	1.4998646
48.443854	1.489012
48.443854	1.489012
48.443854	1.489012
48.443854	1.489012
48.443854	1.489012
48.443854	1.489012
48.443854	1.489012
48.443854	1.489012
48.07873	1.322438
48.07873	1.322438
48.07873	1.322438
48.07873	1.322438
48.07873	1.322438
48.0702003	1.3282333
48.07873	1.322438
48.07873	1.322438
48.5809982	1.2420935
48.5809982	1.2420935
48.5809982	1.2420935
48.5809982	1.2420935
48.5809982	1.2420935
48.5809982	1.2420935
48.5809982	1.2420935
48.5809982	1.2420935
48.7468503	1.4244852
48.7468503	1.4244852
48.7468503	1.4244852
48.7468503	1.4244852
48.7468503	1.4244852
48.543237	1.38867
48.002478	1.233193
48.002478	1.233193
48.4484296	1.2396228
48.4484296	1.2396228
48.4484296	1.2396228
48.4484296	1.2396228
48.4484296	1.2396228
48.4484296	1.2396228
48.4484296	1.2396228
48.343929	1.493526
48.343929	1.493526
48.343929	1.493526
48.343929	1.493526
48.343929	1.493526
48.343929	1.493526
48.343929	1.493526
48.343929	1.493526
48.343929	1.493526
48.106777	1.3687419
48.736134	1.370889
48.736134	1.370889
48.736134	1.370889
48.736134	1.370889
48.736134	1.370889
48.736134	1.370889
48.736134	1.370889
48.7383621	1.3905072
48.7383621	1.3905072
48.7383621	1.3905072
48.7383621	1.3905072
48.7383621	1.3905072
48.7383621	1.3905072
48.7383621	1.3905072
48.736134	1.370889
48.722583	1.3821842
48.722583	1.3821842
48.722583	1.3821842
48.722583	1.3821842
48.736134	1.370889
48.736134	1.370889
48.736134	1.370889
48.736134	1.370889
48.736134	1.370889
48.736134	1.370889
48.736134	1.370889
48.736134	1.370889
48.736134	1.370889
48.736134	1.370889
48.736134	1.370889
48.736134	1.370889
48.1385475	0.9786285
48.211341	1.166094
48.5118231	1.5506078
48.106777	1.3687419
48.422448	1.5033478
48.5118231	1.5506078
48.5118231	1.5506078
48.5118231	1.5506078
48.321762	0.8217759
48.321762	0.8217759
48.07873	1.322438
48.07873	1.322438
48.516677	1.75893
48.3091226	1.3704857
48.3091226	1.3704857
48.305356	1.240848
48.243881	1.484329
48.6051766	1.6731424
48.6051766	1.6731424
48.6051766	1.6731424
48.6051766	1.6731424
48.6051766	1.6731424
48.6051766	1.6731424
48.6051766	1.6731424
48.6051766	1.6731424
48.6051766	1.6731424
48.6051766	1.6731424
48.7475787	1.2454981
48.7475787	1.2454981
48.7475787	1.2454981
48.7475787	1.2454981
48.7475787	1.2454981
48.7475787	1.2454981
48.4137378	1.3655683
48.4137378	1.3655683
48.4137378	1.3655683
48.422448	1.5033478
48.422448	1.5033478
48.422448	1.5033478
48.0806756	1.3471826
48.0806756	1.3471826
48.0806756	1.3471826
48.0806756	1.3471826
48.0806756	1.3471826
48.0806756	1.3471826
48.736134	1.370889
48.736134	1.370889
48.736134	1.370889
48.736134	1.370889
48.736134	1.370889
48.736134	1.370889
48.7475787	1.2454981
48.5567049	1.0313112
48.4740447	1.3129074
48.4740447	1.3129074
48.4740447	1.3129074
48.4740447	1.3129074
48.4740447	1.3129074
48.4740447	1.3129074
48.524831	1.689383
48.524831	1.689383
48.524831	1.689383
48.524831	1.689383
48.6003969	1.6425528
48.6003969	1.6425528
48.6003969	1.6425528
48.305356	1.240848
48.305356	1.240848
48.305356	1.240848
48.5118231	1.5506078
48.5118231	1.5506078
48.5118231	1.5506078
48.5118231	1.5506078
48.611497	0.9007844
48.611497	0.9007844
48.611497	0.9007844
48.611497	0.9007844
48.611497	0.9007844
48.243881	1.484329
48.243881	1.484329
48.243881	1.484329
48.243881	1.484329
48.469994	1.480882
48.469994	1.480882
48.469994	1.480882
48.469994	1.480882
48.469994	1.480882
48.469994	1.480882
48.469994	1.480882
48.469994	1.480882
48.469994	1.480882
48.469994	1.480882
48.469994	1.480882
48.147655	1.262087
48.147655	1.262087
48.147655	1.262087
48.4416495	1.4537086
48.4416495	1.4537086
48.4416495	1.4537086
48.4416495	1.4537086
48.4416495	1.4537086
48.4416495	1.4537086
48.439669	1.4614936
48.439669	1.4614936
48.439669	1.4614936
48.439669	1.4614936
48.439669	1.4614936
48.439669	1.4614936
48.439669	1.4614936
48.439669	1.4614936
48.439669	1.4614936
48.439669	1.4614936
48.4231765	1.4629492
48.4231765	1.4629492
48.4231765	1.4629492
48.4231765	1.4629492
48.4231765	1.4629492
48.4231765	1.4629492
48.4231765	1.4629492
48.4231765	1.4629492
48.4231765	1.4629492
48.4231765	1.4629492
48.7236196	1.3946618
48.0595068	1.4137529
48.0595068	1.4137529
48.591426	1.566051
48.591426	1.566051
48.591426	1.566051
48.591426	1.566051
48.591426	1.566051
48.591426	1.566051
48.591426	1.566051
48.591426	1.566051
48.591426	1.566051
48.591426	1.566051
48.591426	1.566051
48.4470186	1.4691444
48.1130545	1.3316643
48.1130545	1.3316643
48.1130545	1.3316643
48.1130545	1.3316643
48.7240205	1.4397744
48.6480535	1.5307929
48.6480535	1.5307929
48.6480535	1.5307929
48.6480535	1.5307929
48.443854	1.489012
48.446655	1.5771253
48.446655	1.5771253
48.446655	1.5771253
48.6480535	1.5307929
48.6480535	1.5307929
48.6480535	1.5307929
48.6480535	1.5307929
48.6480535	1.5307929
48.6480535	1.5307929
48.6480535	1.5307929
48.321762	0.8217759
48.321762	0.8217759
48.321762	0.8217759
48.321762	0.8217759
48.321762	0.8217759
48.321762	0.8217759
48.321762	0.8217759
48.446655	1.5771253
48.321762	0.8217759
48.800542	1.501719
48.800542	1.501719
48.800542	1.501719
48.800542	1.501719
48.800542	1.501719
48.800542	1.501719
48.800542	1.501719
48.7475787	1.2454981
48.7475787	1.2454981
48.7475787	1.2454981
48.658526	1.27365
48.658526	1.27365
48.658526	1.27365
48.5567049	1.0313112
48.5567049	1.0313112
48.5567049	1.0313112
48.4125889	1.598142
48.4125889	1.598142
48.4125889	1.598142
48.4125889	1.598142
48.085974	1.238798
48.4137378	1.3655683
48.4137378	1.3655683
48.4137378	1.3655683
48.4137378	1.3655683
48.4137378	1.3655683
48.4137378	1.3655683
48.4137378	1.3655683
48.4137378	1.3655683
48.4137378	1.3655683
48.4799789	1.0025291
48.516677	1.75893
48.4799789	1.0025291
48.4799789	1.0025291
48.4799789	1.0025291
48.4799789	1.0025291
48.4799789	1.0025291
48.311338	0.995197
48.311338	0.995197
48.311338	0.995197
48.311338	0.995197
48.311338	0.995197
48.311338	0.995197
48.311338	0.995197
48.6004018	1.3794182
48.6004018	1.3794182
48.6004018	1.3794182
48.6004018	1.3794182
48.6004018	1.3794182
48.676486	1.326941
48.676486	1.326941
48.676486	1.326941
48.002478	1.233193
48.002478	1.233193
48.002478	1.233193
48.002478	1.233193
48.002478	1.233193
48.002478	1.233193
48.002478	1.233193
48.002478	1.233193
48.085974	1.238798
48.085974	1.238798
48.1814977	1.3854053
48.1814977	1.3854053
48.1814977	1.3854053
48.1814977	1.3854053
48.1814977	1.3854053
48.1814977	1.3854053
48.1814977	1.3854053
48.1814977	1.3854053
48.085974	1.238798
48.085974	1.238798
48.1814977	1.3854053
48.1814977	1.3854053
48.674302	1.377961
48.674302	1.377961
48.674302	1.377961
48.7173295	1.3311719
48.7621226	1.2398956
48.6728081	1.4627621
48.6728081	1.4627621
48.6728081	1.4627621
48.6728081	1.4627621
48.6728081	1.4627621
48.6728081	1.4627621
48.6728081	1.4627621
48.2724795	1.6273708
48.2724795	1.6273708
48.2724795	1.6273708
48.2724795	1.6273708
48.261404	1.74541
48.261404	1.74541
48.261404	1.74541
48.261404	1.74541
48.261404	1.74541
46.9570389	1.7290356
47.2545045	1.6542656
46.793065	1.719392
46.602902	0.969408
46.602902	0.969408
47.2545045	1.6542656
47.2545045	1.6542656
46.434011	1.828597
46.434011	1.828597
46.434011	1.828597
46.434011	1.828597
46.434011	1.828597
46.434011	1.828597
46.888616	1.421823
46.888616	1.421823
46.888616	1.421823
46.888616	1.421823
46.888616	1.421823
46.888616	1.421823
46.888616	1.421823
46.888616	1.421823
46.888616	1.421823
46.888616	1.421823
46.785747	1.961199
47.189785	1.801483
46.7405141	1.8191509
46.7405141	1.8191509
46.7405141	1.8191509
46.7405141	1.8191509
46.7405141	1.8191509
46.7405141	1.8191509
46.7405141	1.8191509
46.7405141	1.8191509
46.939238	1.43686
46.941163	1.232358
46.941163	1.232358
46.941163	1.232358
46.941163	1.232358
46.8518507	1.069601
46.541064	1.938525
46.541064	1.938525
46.5514378	1.1572734
46.5514378	1.1572734
46.5514378	1.1572734
46.5514378	1.1572734
46.581574	1.973452
46.581574	1.973452
46.581574	1.973452
46.9807275	1.9723119
46.9807275	1.9723119
46.9807275	1.9723119
47.0408929	1.672736
47.0408929	1.672736
46.5580081	2.0232386
46.5959363	1.8074156
46.5959363	1.8074156
46.5959363	1.8074156
46.5959363	1.8074156
47.2545045	1.6542656
47.2545045	1.6542656
46.8031198	1.6926546
46.8031198	1.6926546
46.8031198	1.6926546
46.8031198	1.6926546
46.8031198	1.6926546
46.8031198	1.6926546
46.8031198	1.6926546
46.8031198	1.6926546
46.8031198	1.6926546
46.8031198	1.6926546
46.8031198	1.6926546
46.8031198	1.6926546
46.8031198	1.6926546
46.8053156	1.6835546
46.8053156	1.6835546
46.8053156	1.6835546
46.8053156	1.6835546
46.8053156	1.6835546
46.8053156	1.6835546
46.8053156	1.6835546
46.8087695	1.6757989
46.8087695	1.6757989
46.8031198	1.6926546
46.7984257	1.737875
46.8122283	1.7041966
46.8031198	1.6926546
46.8031198	1.6926546
46.8031198	1.6926546
46.6269909	1.245468
46.5439269	1.749891
46.5439269	1.749891
46.5439269	1.749891
46.8862809	1.714758
46.5967709	1.016823
46.8053156	1.6835546
46.8053156	1.6835546
46.8053156	1.6835546
46.8053156	1.6835546
46.8053156	1.6835546
46.8053156	1.6835546
46.8053156	1.6835546
46.8053156	1.6835546
46.8031198	1.6926546
46.8087695	1.6757989
46.8087695	1.6757989
46.8087695	1.6757989
46.8087695	1.6757989
46.825648	1.700974
46.825648	1.700974
46.825648	1.700974
46.825648	1.700974
46.825648	1.700974
46.825648	1.700974
46.825648	1.700974
46.825648	1.700974
46.825648	1.700974
46.825648	1.700974
46.825648	1.700974
46.825648	1.700974
46.8255772	1.8141594
46.8255772	1.8141594
46.8255772	1.8141594
46.8255772	1.8141594
46.8255772	1.8141594
46.8255772	1.8141594
46.8255772	1.8141594
46.8255772	1.8141594
46.8255772	1.8141594
46.8255772	1.8141594
47.1606951	1.568012
46.635521	1.423281
46.541064	1.938525
46.434011	1.828597
46.581574	1.973452
46.581574	1.973452
47.132904	1.686243
46.807785	1.0470135
46.807785	1.0470135
46.807785	1.0470135
46.807785	1.0470135
47.1606951	1.568012
47.1606951	1.568012
46.6010068	1.9795456
46.6010068	1.9795456
47.0849763	2.0422985
47.0849763	2.0422985
46.769407	1.89524
46.635521	1.423281
46.635521	1.423281
46.688926	1.65052
47.074794	1.816891
46.787568	1.37769
47.2545045	1.6542656
46.8053285	1.6378422
46.8031198	1.6926546
47.083915	1.346552
47.083915	1.346552
47.083915	1.346552
46.7952556	1.6855338
46.4381863	1.5692119
46.4381863	1.5692119
46.9223519	1.6666751
46.9223519	1.6666751
47.151962	1.662076
47.151962	1.662076
47.151962	1.662076
46.9223519	1.6666751
46.777584	1.783819
46.777584	1.783819
46.777584	1.783819
46.5231459	1.576964
46.979735	1.614733
46.979735	1.614733
46.979735	1.614733
46.979735	1.614733
46.979735	1.614733
46.979735	1.614733
46.7365379	1.5545072
46.7365379	1.5545072
46.7365379	1.5545072
46.7365379	1.5545072
46.443948	1.397098
46.443948	1.397098
46.443948	1.397098
46.864117	1.789191
46.688926	1.65052
46.688926	1.65052
46.688926	1.65052
46.688926	1.65052
46.688926	1.65052
46.688926	1.65052
46.688926	1.65052
46.807785	1.0470135
46.807785	1.0470135
46.807785	1.0470135
46.5310019	1.8689715
46.5310019	1.8689715
46.4801393	1.7443961
46.4801393	1.7443961
46.4801393	1.7443961
46.4801393	1.7443961
46.887656	1.578607
46.887656	1.578607
46.94166	1.56207
46.94166	1.56207
46.8031198	1.6926546
46.8472971	1.5373162
46.5106645	1.3074627
46.5106645	1.3074627
46.8472971	1.5373162
46.4801393	1.7443961
46.4801393	1.7443961
47.1606951	1.568012
46.8472971	1.5373162
46.8472971	1.5373162
46.9593461	2.0212053
46.9593461	2.0212053
46.9593461	2.0212053
46.9593461	2.0212053
46.9593461	2.0212053
46.9593461	2.0212053
46.9593461	2.0212053
46.9593461	2.0212053
46.9593461	2.0212053
46.9593461	2.0212053
46.673347	1.795095
46.673347	1.795095
46.8053285	1.6378422
46.633239	1.064289
46.466248	1.217761
47.071754	1.808678
47.071754	1.808678
46.8638284	1.7724861
46.8638284	1.7724861
46.8078069	1.866624
46.8078069	1.866624
46.7924696	1.7106808
46.6492066	1.9021474
46.6492066	1.9021474
46.480073	1.744343
46.6010068	1.9795456
46.6010068	1.9795456
46.6010068	1.9795456
46.6010068	1.9795456
46.6010068	1.9795456
46.6010068	1.9795456
46.6010068	1.9795456
46.6010068	1.9795456
46.8606554	1.772407
46.622392	1.626853
47.009257	1.5549
46.688926	1.65052
46.8863879	1.858864
46.8863879	1.858864
46.8287199	1.563968
46.8287199	1.563968
46.8287199	1.563968
46.8287199	1.563968
46.6393757	1.956329
46.6393757	1.956329
46.915743	1.037207
46.915743	1.037207
46.943575	1.314993
46.45411	1.443284
46.45411	1.443284
46.45411	1.443284
46.45411	1.443284
46.763343	1.720795
46.763343	1.720795
46.763343	1.720795
46.763343	1.720795
46.763343	1.720795
46.763343	1.720795
46.763343	1.720795
46.763343	1.720795
46.763343	1.720795
46.628738	1.478132
46.628738	1.478132
47.151962	1.662076
47.151962	1.662076
47.151962	1.662076
46.4699315	2.0013828
46.681106	1.040087
46.681106	1.040087
46.789005	2.048633
46.769407	1.89524
46.769407	1.89524
46.429379	2.053588
46.891609	2.0822569
47.074794	1.816891
46.45579	1.668164
47.074794	1.816891
47.074794	1.816891
47.074794	1.816891
47.074794	1.816891
47.074794	1.816891
47.074794	1.816891
47.074794	1.816891
46.5439269	1.749891
46.731852	1.965447
46.5106645	1.3074627
46.635521	1.423281
46.635521	1.423281
46.635521	1.423281
46.635521	1.423281
46.897804	1.4924789
46.897804	1.4924789
46.897804	1.4924789
46.8053285	1.6378422
46.8053285	1.6378422
46.8053285	1.6378422
46.8053285	1.6378422
46.9256315	1.9185741
46.9256315	1.9185741
	
46.586446	1.52282
46.8444351	1.509095
46.406082	1.200776
46.735702	0.953173
46.7952556	1.6855338
46.7952556	1.6855338
46.7952556	1.6855338
46.7952556	1.6855338
46.7952556	1.6855338
46.7952556	1.6855338
46.7952556	1.6855338
46.7952556	1.6855338
46.7952556	1.6855338
46.979985	1.974037
47.1606951	1.568012
47.1606951	1.568012
46.581574	1.973452
46.581574	1.973452
46.581574	1.973452
46.581574	1.973452
46.633239	1.064289
46.633239	1.064289
46.633239	1.064289
46.633239	1.064289
46.633239	1.064289
46.633239	1.064289
46.633239	1.064289
46.6010068	1.9795456
46.6010068	1.9795456
47.0849763	2.0422985
47.0849763	2.0422985
47.0849763	2.0422985
47.0849763	2.0422985
47.0849763	2.0422985
47.0849763	2.0422985
47.0849763	2.0422985
47.0849763	2.0422985
47.0849763	2.0422985
46.8053285	1.6378422
46.8053285	1.6378422
46.8053285	1.6378422
46.586381	1.529797
46.586381	1.529797
46.586381	1.529797
46.586381	1.529797
46.586381	1.529797
46.586381	1.529797
46.763343	1.720795
46.763343	1.720795
46.763343	1.720795
46.763343	1.720795
46.763343	1.720795
46.586381	1.529797
46.586381	1.529797
46.586381	1.529797
46.787568	1.37769
46.787568	1.37769
47.120837	1.525765
47.107346	1.53012
46.8472906	1.5373416
46.8473596	1.537955
46.8473596	1.537955
46.8473596	1.537955
46.962708	1.372582
47.1926655	1.4608415
46.8658377	1.6334024
46.8658377	1.6334024
46.9223519	1.6666751
47.1197226	0.4248886
47.419859	0.99222
47.419859	0.99222
47.419859	0.99222
47.419859	0.99222
47.419859	0.99222
47.419859	0.99222
47.419859	0.99222
47.419859	0.99222
47.419859	0.99222
47.419859	0.99222
47.419859	0.99222
47.419859	0.99222
47.3798124	0.7270539
46.978499	0.577942
47.3832745	0.6897966
47.0527019	0.580328
47.0527019	0.580328
47.0527019	0.580328
47.0527019	0.580328
47.0527019	0.580328
47.0527019	0.580328
47.2363551	0.2361054
47.2363551	0.2361054
47.2363551	0.2361054
47.2363551	0.2361054
47.2363551	0.2361054
47.2363551	0.2361054
47.2363551	0.2361054
47.2363551	0.2361054
47.2363551	0.2361054
47.2363551	0.2361054
47.2363551	0.2361054
47.2363551	0.2361054
47.2363551	0.2361054
47.26177	0.46574
47.26177	0.46574
47.26177	0.46574
47.26177	0.46574
47.26177	0.46574
47.26177	0.46574
47.26177	0.46574
47.26177	0.46574
47.26177	0.46574
47.26177	0.46574
47.26177	0.46574
47.26177	0.46574
47.26177	0.46574
47.26177	0.46574
47.26177	0.46574
47.26177	0.46574
47.26177	0.46574
47.26177	0.46574
47.2932496	0.2011788
47.058331	1.100532
47.058331	1.100532
47.058331	1.100532
47.058331	1.100532
47.058331	1.100532
47.1197226	0.4248886
47.1197226	0.4248886
47.1197226	0.4248886
47.1197226	0.4248886
47.1197226	0.4248886
47.1197226	0.4248886
47.282487	0.168611
47.282487	0.168611
47.2783602	0.1684577
47.2783602	0.1684577
47.2783602	0.1684577
47.2783602	0.1684577
47.2783602	0.1684577
47.2783602	0.1684577
47.2783602	0.1684577
47.2783602	0.1684577
47.2783602	0.1684577
47.2958017	0.3555172
47.2958017	0.3555172
47.2958017	0.3555172
47.3286844	0.7215055
47.3286844	0.7215055
47.3286844	0.7215055
47.3286844	0.7215055
47.3286844	0.7215055
47.3286844	0.7215055
47.3286844	0.7215055
47.3286844	0.7215055
47.3286844	0.7215055
47.3286844	0.7215055
47.3286844	0.7215055
47.3286844	0.7215055
47.3286844	0.7215055
47.3286844	0.7215055
47.3286844	0.7215055
47.3286844	0.7215055
47.3286844	0.7215055
47.3286844	0.7215055
47.3286844	0.7215055
47.0668859	0.323119
47.0668859	0.323119
47.0668859	0.323119
47.0668859	0.323119
47.0668859	0.323119
47.4726923	0.70204
47.4726923	0.70204
47.4726923	0.70204
47.4726923	0.70204
47.4726923	0.70204
47.4726923	0.70204
47.4726923	0.70204
47.4726923	0.70204
47.4726923	0.70204
47.432341	1.030288
47.432341	1.030288
47.432341	1.030288
47.432341	1.030288
47.432341	1.030288
47.432341	1.030288
47.432341	1.030288
46.968085	1.026439
47.337489	0.989941
47.337489	0.989941
47.337489	0.989941
47.337489	0.989941
47.337489	0.989941
47.337489	0.989941
47.337489	0.989941
47.54275	0.836911
47.54275	0.836911
47.1244981	0.4603993
46.9819519	0.6850261
46.9819519	0.6850261
46.9819519	0.6850261
46.9819519	0.6850261
46.9819519	0.6850261
46.9819519	0.6850261
46.9819519	0.6850261
46.9819519	0.6850261
46.9819519	0.6850261
47.266654	0.356684
47.0410556	0.9072486
47.0410556	0.9072486
47.284385	0.78527
47.284385	0.78527
47.284385	0.78527
47.284385	0.78527
47.284385	0.78527
47.284385	0.78527
47.284385	0.78527
47.284385	0.78527
47.284385	0.78527
47.284385	0.78527
47.2273285	0.7717422
47.2273285	0.7717422
47.2273285	0.7717422
47.2273285	0.7717422
47.2273285	0.7717422
47.2273285	0.7717422
47.2273285	0.7717422
47.2273285	0.7717422
47.3535394	0.8017415
47.3317484	0.614065
47.3317484	0.614065
47.3317484	0.614065
47.3317484	0.614065
47.3317484	0.614065
47.138725	1.03656
47.138725	1.03656
47.138725	1.03656
47.4019139	0.6003327
47.4019139	0.6003327
47.4019139	0.6003327
47.4019139	0.6003327
47.4019139	0.6003327
47.457142	0.707757
46.920619	0.803318
46.920619	0.803318
46.920619	0.803318
47.5166439	0.648309
47.5166439	0.648309
47.5166439	0.648309
47.5166439	0.648309
47.5166439	0.648309
47.5166439	0.648309
47.5166439	0.648309
47.5166439	0.648309
47.5166439	0.648309
47.5166439	0.648309
47.5166439	0.648309
47.5166439	0.648309
47.184903	1.0932679
47.392582	0.195967
47.664534	0.751185
47.2214593	0.2732787
47.282328	0.266382
47.282328	0.266382
47.282328	0.266382
47.3544784	0.6567072
47.3544784	0.6567072
47.3544784	0.6567072
47.3544784	0.6567072
47.3544784	0.6567072
47.3544784	0.6567072
47.3544784	0.6567072
47.3544784	0.6567072
47.3544784	0.6567072
47.3544784	0.6567072
47.3544784	0.6567072
47.3544784	0.6567072
47.3544784	0.6567072
47.3544784	0.6567072
47.3544784	0.6567072
47.3544784	0.6567072
47.3251928	0.6548621
47.3251928	0.6548621
47.3251928	0.6548621
47.3251928	0.6548621
47.3251928	0.6548621
47.3251928	0.6548621
47.3251928	0.6548621
47.3251928	0.6548621
47.021908	0.604533
47.021908	0.604533
47.412068	0.799248
47.444617	0.320189
47.444617	0.320189
47.4525505	0.6492729
47.4525505	0.6492729
47.4525505	0.6492729
47.4525505	0.6492729
47.4525505	0.6492729
47.4525505	0.6492729
47.4525505	0.6492729
47.4525505	0.6492729
47.444617	0.320189
47.0127372	0.3242559
47.0127372	0.3242559
47.0127372	0.3242559
47.0127372	0.3242559
47.0127372	0.3242559
47.2978543	0.4171246
47.2978543	0.4171246
47.2978543	0.4171246
47.459387	1.040952
47.1267175	1.0014779
47.1267175	1.0014779
47.1267175	1.0014779
47.1267175	1.0014779
47.1267175	1.0014779
47.1267175	1.0014779
47.1267175	1.0014779
47.1267175	1.0014779
47.1267175	1.0014779
47.1267175	1.0014779
47.1267175	1.0014779
47.1267175	1.0014779
47.4142311	0.7548735
47.4142311	0.7548735
47.4142311	0.7548735
47.4142311	0.7548735
47.4142311	0.7548735
47.4142311	0.7548735
47.4142311	0.7548735
47.4142311	0.7548735
47.4142311	0.7548735
47.4142311	0.7548735
47.337489	0.989941
47.384882	0.554293
47.384882	0.554293
47.384882	0.554293
47.384882	0.554293
47.384882	0.554293
47.384882	0.554293
47.384882	0.554293
47.384882	0.554293
47.262128	1.059992
47.262128	1.059992
47.262128	1.059992
47.4525505	0.6492729
47.4525505	0.6492729
47.4525505	0.6492729
47.4977713	0.7839985
47.4977713	0.7839985
47.4977713	0.7839985
47.4977713	0.7839985
47.4977713	0.7839985
47.4977713	0.7839985
47.4977713	0.7839985
47.4977713	0.7839985
47.4977713	0.7839985
47.4977713	0.7839985
47.4977713	0.7839985
47.4977713	0.7839985
47.2869839	0.713777
47.2869839	0.713777
47.2869839	0.713777
47.2869839	0.713777
47.2869839	0.713777
47.2869839	0.713777
47.3868469	0.8170766
47.3868469	0.8170766
47.3868469	0.8170766
47.3868469	0.8170766
47.3868469	0.8170766
47.3868469	0.8170766
47.3868469	0.8170766
47.3868469	0.8170766
47.3868469	0.8170766
47.3868469	0.8170766
47.3868469	0.8170766
47.3868469	0.8170766
47.3868469	0.8170766
47.3868469	0.8170766
47.275336	0.6427079
47.275336	0.6427079
47.275336	0.6427079
47.275336	0.6427079
47.275336	0.6427079
47.275336	0.6427079
47.275336	0.6427079
47.275336	0.6427079
47.275336	0.6427079
47.275336	0.6427079
47.275336	0.6427079
47.275336	0.6427079
47.275336	0.6427079
47.275336	0.6427079
47.275336	0.6427079
47.457142	0.707757
47.457142	0.707757
47.457142	0.707757
47.457142	0.707757
47.457142	0.707757
47.457142	0.707757
47.457142	0.707757
47.457142	0.707757
47.457142	0.707757
47.457142	0.707757
47.543367	0.744155
47.543367	0.744155
47.2096813	1.2352541
47.2096813	1.2352541
47.3317484	0.614065
47.3317484	0.614065
47.3317484	0.614065
47.3317484	0.614065
47.3317484	0.614065
47.3317484	0.614065
47.3317484	0.614065
47.3317484	0.614065
47.3317484	0.614065
47.3317484	0.614065
47.3317484	0.614065
47.3317484	0.614065
47.3317484	0.614065
47.3317484	0.614065
47.3317484	0.614065
47.4418535	0.7422243
47.4418535	0.7422243
47.6058412	0.5986602
47.6058412	0.5986602
47.6058412	0.5986602
47.6058412	0.5986602
47.6058412	0.5986602
47.6058412	0.5986602
47.3245196	0.4082001
47.3245196	0.4082001
47.3245196	0.4082001
47.3245196	0.4082001
47.3245196	0.4082001
47.3245196	0.4082001
47.3245196	0.4082001
47.3245196	0.4082001
47.3245196	0.4082001
47.3245196	0.4082001
47.1570255	1.1965454
47.1570255	1.1965454
47.1570255	1.1965454
47.1570255	1.1965454
47.1570255	1.1965454
47.1570255	1.1965454
47.443899	0.499282
47.443899	0.499282
47.443899	0.499282
47.443899	0.499282
47.443899	0.499282
47.443899	0.499282
47.443899	0.499282
47.443899	0.499282
47.100065	1.013676
47.100065	1.013676
47.0150212	0.5538373
47.0150212	0.5538373
47.2282636	0.9116846
47.2282636	0.9116846
47.2282636	0.9116846
47.2282636	0.9116846
47.2282636	0.9116846
47.2282636	0.9116846
47.5986366	0.9151915
47.5986366	0.9151915
47.5986366	0.9151915
47.5986366	0.9151915
47.5986366	0.9151915
47.5986366	0.9151915
47.5986366	0.9151915
47.5986366	0.9151915
47.388309	0.658258
47.388309	0.658258
47.388309	0.658258
47.388309	0.658258
47.388309	0.658258
47.388309	0.658258
47.388309	0.658258
47.388309	0.658258
47.388309	0.658258
47.388309	0.658258
47.388309	0.658258
47.388309	0.658258
47.388309	0.658258
47.388309	0.658258
47.388309	0.658258
47.0127198	0.3241109
47.0127198	0.3241109
47.0127198	0.3241109
47.0127198	0.3241109
47.0127198	0.3241109
47.058026	0.493935
47.058026	0.493935
47.0697525	0.6722994
47.0697525	0.6722994
47.4226391	0.6598074
47.5203151	0.3989437
47.5203151	0.3989437
47.5203151	0.3989437
47.5203151	0.3989437
	
47.4966375	0.62919
47.4966375	0.62919
47.346465	0.7302485
47.346465	0.7302485
47.346465	0.7302485
47.346465	0.7302485
47.346465	0.7302485
47.346465	0.7302485
47.346465	0.7302485
47.346465	0.7302485
47.346465	0.7302485
47.215351	0.321748
47.215351	0.321748
47.4226391	0.6598074
47.4226391	0.6598074
47.4226391	0.6598074
47.4226391	0.6598074
47.4226391	0.6598074
47.4226391	0.6598074
47.4226391	0.6598074
47.4226391	0.6598074
47.4226391	0.6598074
47.4226391	0.6598074
47.4226391	0.6598074
47.4226391	0.6598074
47.4226391	0.6598074
47.4226391	0.6598074
47.4226391	0.6598074
47.4226391	0.6598074
47.4226391	0.6598074
47.4226391	0.6598074
47.4226391	0.6598074
47.4226391	0.6598074
47.144626	0.53659
47.356049	0.9103625
47.284852	0.12535
47.3864547	0.7187457
47.391311	0.73802
47.391311	0.73802
47.391311	0.73802
47.391311	0.73802
47.391311	0.73802
47.391311	0.73802
47.391311	0.73802
47.391311	0.73802
47.391311	0.73802
47.391311	0.73802
47.4126557	0.6942338
47.4126557	0.6942338
47.4126557	0.6942338
47.4126557	0.6942338
47.4126557	0.6942338
47.4126557	0.6942338
47.4966375	0.62919
47.356049	0.9103625
47.356049	0.9103625
47.4126557	0.6942338
47.1066201	0.5855875
47.1066201	0.5855875
47.1573	0.65407
47.1573	0.65407
47.3614773	0.6923066
47.3614773	0.6923066
47.3772621	0.7326751
47.4295364	0.6805767
47.4295364	0.6805767
47.4295364	0.6805767
47.4295364	0.6805767
47.4295364	0.6805767
47.4295364	0.6805767
47.4295364	0.6805767
47.4295364	0.6805767
47.4295364	0.6805767
47.4295364	0.6805767
47.4295364	0.6805767
47.4295364	0.6805767
47.4295364	0.6805767
47.4295364	0.6805767
47.4295364	0.6805767
47.3918459	0.7500485
47.3918459	0.7500485
47.3832745	0.6897966
47.342976	0.636116
47.3772621	0.7326751
47.3772621	0.7326751
47.3772621	0.7326751
47.3772621	0.7326751
47.3772621	0.7326751
47.3772621	0.7326751
47.3772621	0.7326751
47.3772621	0.7326751
47.3772621	0.7326751
47.3772621	0.7326751
47.3772621	0.7326751
47.3772621	0.7326751
47.3772621	0.7326751
47.3772621	0.7326751
47.3772621	0.7326751
47.3772621	0.7326751
47.3772621	0.7326751
47.3772621	0.7326751
47.3772621	0.7326751
47.417464	0.7060995
47.417464	0.7060995
47.4295364	0.6805767
47.4126557	0.6942338
47.4126557	0.6942338
47.4126557	0.6942338
47.4126557	0.6942338
47.4126557	0.6942338
47.4126557	0.6942338
47.4126557	0.6942338
47.3684398	0.7118087
47.3684398	0.7118087
47.3684398	0.7118087
47.3684398	0.7118087
47.3684398	0.7118087
47.3684398	0.7118087
47.3684398	0.7118087
47.3832745	0.6897966
47.3832745	0.6897966
46.920619	0.803318
47.451049	0.872756
47.451049	0.872756
47.451049	0.872756
47.451049	0.872756
47.451049	0.872756
47.3261	0.9942552
47.3261	0.9942552
47.3261	0.9942552
47.3261	0.9942552
47.3261	0.9942552
47.3261	0.9942552
47.3261	0.9942552
47.3261	0.9942552
47.3261	0.9942552
47.3261	0.9942552
47.3261	0.9942552
47.4316668	0.9542409
47.4316668	0.9542409
47.4316668	0.9542409
47.4316668	0.9542409
47.4316668	0.9542409
47.4316668	0.9542409
47.4316668	0.9542409
47.4316668	0.9542409
	
	
	
	
	
	
	
	
	
47.0856643	0.7921153
47.0856643	0.7921153
47.0856643	0.7921153
47.0856643	0.7921153
47.0856643	0.7921153
47.0856643	0.7921153
47.0856643	0.7921153
47.0856643	0.7921153
47.0856643	0.7921153
47.2562556	0.572874
47.2562556	0.572874
47.2562556	0.572874
47.2562556	0.572874
47.2562556	0.572874
47.2562556	0.572874
47.2562556	0.572874
47.2562556	0.572874
47.2753707	0.8443978
47.2753707	0.8443978
47.2753707	0.8443978
47.2753707	0.8443978
47.2753707	0.8443978
47.2753707	0.8443978
47.2753707	0.8443978
47.2753707	0.8443978
47.2753707	0.8443978
47.2753707	0.8443978
47.2753707	0.8443978
47.2828005	0.7485102
47.2828005	0.7485102
47.2828005	0.7485102
47.2828005	0.7485102
47.2828005	0.7485102
47.2828005	0.7485102
47.2828005	0.7485102
47.2828005	0.7485102
47.2828005	0.7485102
47.2828005	0.7485102
47.2828005	0.7485102
47.3535394	0.8017415
47.3535394	0.8017415
47.3535394	0.8017415
47.3535394	0.8017415
47.3535394	0.8017415
47.3535394	0.8017415
47.3535394	0.8017415
47.3535394	0.8017415
47.3535394	0.8017415
47.3535394	0.8017415
47.3535394	0.8017415
47.3535394	0.8017415
47.3535394	0.8017415
47.200575	0.1451369
47.200575	0.1451369
47.200575	0.1451369
47.218976	0.497731
47.218976	0.497731
47.3926795	0.7519086
47.3926795	0.7519086
47.3926795	0.7519086
47.3926795	0.7519086
47.3926795	0.7519086
47.3926795	0.7519086
47.3926795	0.7519086
47.5458462	0.8886645
47.5458462	0.8886645
47.5458462	0.8886645
47.5458462	0.8886645
47.5458462	0.8886645
47.5458462	0.8886645
47.2061364	0.6399366
47.2061364	0.6399366
47.2061364	0.6399366
47.574813	0.312405
47.574813	0.312405
47.574813	0.312405
47.574813	0.312405
47.574813	0.312405
47.574813	0.312405
46.854377	0.928917
46.854377	0.928917
46.854377	0.928917
46.854377	0.928917
46.854377	0.928917
46.854377	0.928917
46.854377	0.928917
46.854377	0.928917
46.854377	0.928917
47.538157	1.306696
47.5164399	1.4469118
47.5860921	1.3359475
47.980515	0.894653
47.583065	1.3037526
47.583065	1.3037526
47.593061	1.3007455
47.593061	1.3007455
47.593061	1.3007455
47.593061	1.3007455
47.593061	1.3007455
47.593061	1.3007455
47.593061	1.3007455
47.5860921	1.3359475
47.5860921	1.3359475
47.5860921	1.3359475
47.593061	1.3007455
47.5860921	1.3359475
47.5860921	1.3359475
47.5860921	1.3359475
47.583065	1.3037526
47.583065	1.3037526
47.583065	1.3037526
47.583065	1.3037526
47.583065	1.3037526
47.583065	1.3037526
47.583065	1.3037526
47.583065	1.3037526
47.583065	1.3037526
47.583065	1.3037526
47.583065	1.3037526
47.583065	1.3037526
47.583065	1.3037526
47.583065	1.3037526
47.583065	1.3037526
47.583065	1.3037526
47.583065	1.3037526
47.583065	1.3037526
47.583065	1.3037526
47.583065	1.3037526
47.583065	1.3037526
47.583065	1.3037526
47.583065	1.3037526
47.583065	1.3037526
47.583065	1.3037526
47.583065	1.3037526
47.548676	1.542905
47.9118728	1.5234874
47.7169869	1.6117019
47.3506942	1.4797517
47.3506942	1.4797517
47.8231539	1.2936404
47.7169869	1.6117019
47.7169869	1.6117019
47.7169869	1.6117019
47.7169869	1.6117019
47.7169869	1.6117019
47.7169869	1.6117019
47.7169869	1.6117019
47.538157	1.306696
47.538157	1.306696
47.538157	1.306696
47.538157	1.306696
47.264819	1.904471
47.264819	1.904471
47.4824332	1.1941323
47.6094402	1.9037567
47.6094402	1.9037567
47.6094402	1.9037567
47.6094402	1.9037567
47.611937	1.3665683
47.611937	1.3665683
47.611937	1.3665683
47.611937	1.3665683
47.611937	1.3665683
47.611937	1.3665683
47.611937	1.3665683
47.611937	1.3665683
47.508733	1.457552
47.508733	1.457552
47.498253	1.364001
47.498253	1.364001
47.498253	1.364001
47.498253	1.364001
47.498253	1.364001
47.498253	1.364001
47.498253	1.364001
47.498253	1.364001
47.498253	1.364001
47.498253	1.364001
47.498253	1.364001
47.498253	1.364001
47.498253	1.364001
47.498253	1.364001
47.498253	1.364001
47.498253	1.364001
47.498253	1.364001
47.498253	1.364001
47.498253	1.364001
47.498253	1.364001
47.4995375	1.1782156
47.4995375	1.1782156
47.4995375	1.1782156
47.4995375	1.1782156
47.589656	1.657635
47.589656	1.657635
47.589656	1.657635
47.589656	1.657635
47.5479674	2.0302559
47.5479674	2.0302559
47.5479674	2.0302559
47.5479674	2.0302559
47.5479674	2.0302559
47.5479674	2.0302559
47.5479674	2.0302559
47.5479674	2.0302559
47.5479674	2.0302559
47.5479674	2.0302559
47.5479674	2.0302559
47.5164399	1.4469118
47.5164399	1.4469118
47.5164399	1.4469118
47.492151	1.406409
47.492151	1.406409
47.276709	1.5431953
47.276709	1.5431953
47.276709	1.5431953
47.276709	1.5431953
47.32827	1.30594
47.8085009	0.91515
47.8085009	0.91515
47.583065	1.3037526
47.583065	1.3037526
47.2677279	1.3603603
47.5499418	1.5488135
47.561093	1.361681
47.5499418	1.5488135
47.583065	1.3037526
47.583065	1.3037526
47.358657	1.747259
47.358657	1.747259
47.358657	1.747259
47.358657	1.747259
47.358657	1.747259
47.358657	1.747259
47.358657	1.747259
47.358657	1.747259
47.4286682	2.0597199
47.4286682	2.0597199
47.4286682	2.0597199
47.4286682	2.0597199
47.6189161	1.3251724
47.6189161	1.3251724
47.6189161	1.3251724
47.980515	0.894653
47.980515	0.894653
47.538157	1.306696
47.4995375	1.1782156
47.4995375	1.1782156
47.5499418	1.5488135
47.561093	1.361681
47.5499418	1.5488135
47.561093	1.361681
47.8779137	0.8073239
47.3430136	1.1838738
47.3430136	1.1838738
47.3430136	1.1838738
47.9118728	1.5234874
47.611937	1.3665683
47.5164399	1.4469118
47.5164399	1.4469118
47.5164399	1.4469118
47.5164399	1.4469118
47.5164399	1.4469118
47.5164399	1.4469118
47.247576	1.43965
47.247576	1.43965
47.276709	1.5431953
47.8231539	1.2936404
47.295539	1.763109
47.508733	1.457552
47.4478099	1.3411169
47.4478099	1.3411169
47.358657	1.747259
47.264819	1.904471
47.4478099	1.3411169
47.914436	1.0824609
47.903352	1.234261
47.903352	1.234261
47.604235	1.139623
47.4641482	1.8712999
47.7004423	1.5101354
47.7004423	1.5101354
47.7004423	1.5101354
47.752435	0.862388
47.752435	0.862388
47.796009	1.0313134
47.59069	1.198809
47.59069	1.198809
47.59069	1.198809
47.8231539	1.2936404
47.9118728	1.5234874
47.9118728	1.5234874
47.9118728	1.5234874
47.9118728	1.5234874
47.9118728	1.5234874
47.9118728	1.5234874
47.9118728	1.5234874
47.322178	1.670707
47.322178	1.670707
47.4134888	1.5244475
47.4134888	1.5244475
47.4134888	1.5244475
47.4134888	1.5244475
47.4286682	2.0597199
47.4286682	2.0597199
47.4286682	2.0597199
47.4286682	2.0597199
47.276709	1.5431953
47.2677279	1.3603603
47.276709	1.5431953
47.276709	1.5431953
48.0358473	0.8635477
48.0358473	0.8635477
48.0358473	0.8635477
47.6894202	1.0161588
47.6244092	1.3400498
47.561093	1.361681
47.723603	0.825972
47.6670773	1.4610338
47.6670773	1.4610338
47.630339	1.595906
47.3430136	1.1838738
47.3430136	1.1838738
47.723111	1.009018
47.322178	1.670707
47.756017	1.193097
47.786664	1.160069
47.786664	1.160069
47.6189161	1.3251724
47.295539	1.763109
47.295539	1.763109
47.786664	1.160069
47.8065341	0.9948048
47.4995375	1.1782156
47.4995375	1.1782156
47.4995375	1.1782156
47.901233	0.929624
47.6189161	1.3251724
47.6189161	1.3251724
47.6189161	1.3251724
47.6189161	1.3251724
47.5943304	1.3152493
47.5943304	1.3152493
47.5943304	1.3152493
47.437842	1.295083
47.6455431	1.305319
47.6455431	1.305319
47.6455431	1.305319
47.6455431	1.305319
47.4478099	1.3411169
47.3452737	1.58288
47.3452737	1.58288
47.903352	1.234261
47.903352	1.234261
47.903352	1.234261
47.604235	1.139623
47.604235	1.139623
47.6415039	1.4446344
47.6682282	1.5235658
48.04055	1.076242
47.743656	1.364256
47.7004423	1.5101354
47.7004423	1.5101354
47.7004423	1.5101354
47.7004423	1.5101354
47.7004423	1.5101354
47.7004423	1.5101354
47.7004423	1.5101354
47.7004423	1.5101354
47.7004423	1.5101354
47.2542391	1.486762
47.561093	1.361681
47.5499418	1.5488135
47.752435	0.862388
47.752435	0.862388
47.3430136	1.1838738
47.3430136	1.1838738
47.3430136	1.1838738
47.3430136	1.1838738
47.3430136	1.1838738
47.3430136	1.1838738
47.3430136	1.1838738
47.3430136	1.1838738
47.6682282	1.5235658
47.6682282	1.5235658
47.4124	1.607615
47.4124	1.607615
47.796009	1.0313134
47.796009	1.0313134
47.796009	1.0313134
47.796009	1.0313134
47.796009	1.0313134
47.4995375	1.1782156
47.796009	1.0313134
47.796009	1.0313134
47.6010034	2.0245832
47.6010034	2.0245832
47.3892361	1.3778482
47.59069	1.198809
47.59069	1.198809
47.59069	1.198809
47.8231539	1.2936404
47.9118728	1.5234874
47.9118728	1.5234874
47.322178	1.670707
47.322178	1.670707
47.322178	1.670707
47.322178	1.670707
47.8026987	1.0375728
47.723603	0.825972
47.3435065	1.7367606
47.358657	1.747259
47.358657	1.747259
47.358657	1.747259
47.358657	1.747259
47.358657	1.747259
47.358657	1.747259
47.358657	1.747259
47.358657	1.747259
47.358657	1.747259
47.358657	1.747259
47.358657	1.747259
47.358657	1.747259
47.358657	1.747259
47.358657	1.747259
47.358657	1.747259
47.358657	1.747259
47.358657	1.747259
47.4286682	2.0597199
47.4286682	2.0597199
47.8779137	0.8073239
47.27484	1.554083
47.27484	1.554083
47.27484	1.554083
47.3867528	1.9238125
47.3867528	1.9238125
47.3867528	1.9238125
47.756017	1.193097
47.756017	1.193097
47.4134888	1.5244475
47.4134888	1.5244475
48.0358473	0.8635477
48.0358473	0.8635477
47.4585188	2.1810327
47.4585188	2.1810327
47.2677279	1.3603603
47.6894202	1.0161588
47.6894202	1.0161588
47.6894202	1.0161588
47.6894202	1.0161588
47.6894202	1.0161588
47.6894202	1.0161588
47.6894202	1.0161588
47.6894202	1.0161588
47.6894202	1.0161588
47.6244092	1.3400498
47.6244092	1.3400498
47.6244092	1.3400498
47.6244092	1.3400498
47.6244092	1.3400498
47.6244092	1.3400498
47.6244092	1.3400498
47.561093	1.361681
47.561093	1.361681
47.2821039	1.774068
47.723603	0.825972
47.723603	0.825972
49.2285662	-2.2023038
49.2285662	-2.2023038
49.2285662	-2.2023038
47.5215698	1.9324586
47.6670773	1.4610338
47.6670773	1.4610338
47.6670773	1.4610338
47.437842	1.295083
47.437842	1.295083
47.437842	1.295083
47.437842	1.295083
47.591675	1.3107062
47.3130235	2.0388838
47.3130235	2.0388838
47.32827	1.30594
47.498253	1.364001
47.723111	1.009018
47.723111	1.009018
47.723111	1.009018
47.723111	1.009018
47.723111	1.009018
47.630339	1.595906
47.630339	1.595906
47.630339	1.595906
47.318142	1.400074
47.318142	1.400074
47.723111	1.009018
47.723111	1.009018
47.723111	1.009018
47.723111	1.009018
47.723111	1.009018
47.723111	1.009018
47.723111	1.009018
47.723111	1.009018
47.723111	1.009018
47.723111	1.009018
47.723111	1.009018
47.914436	1.0824609
47.914436	1.0824609
47.914436	1.0824609
47.6189161	1.3251724
47.6189161	1.3251724
47.6189161	1.3251724
47.6189161	1.3251724
47.6189161	1.3251724
47.295539	1.763109
47.295539	1.763109
47.295539	1.763109
47.295539	1.763109
47.8065341	0.9948048
47.584587	1.3831469
47.584587	1.3831469
47.584587	1.3831469
47.584587	1.3831469
47.584587	1.3831469
47.584587	1.3831469
47.584587	1.3831469
47.584587	1.3831469
47.584587	1.3831469
47.584587	1.3831469
47.584587	1.3831469
47.584587	1.3831469
47.584587	1.3831469
47.584587	1.3831469
47.5344312	1.8054878
47.5344312	1.8054878
47.645159	2.058555
47.916831	1.9246741
47.991807	2.7711542
47.991807	2.7711542
47.991807	2.7711542
47.991807	2.7711542
47.991807	2.7711542
47.991807	2.7711542
47.991807	2.7711542
47.991807	2.7711542
47.991807	2.7711542
47.991807	2.7711542
47.991807	2.7711542
47.991807	2.7711542
47.991807	2.7711542
47.991807	2.7711542
47.991807	2.7711542
47.991807	2.7711542
47.991807	2.7711542
47.991807	2.7711542
48.252386	2.4373
48.252386	2.4373
48.252386	2.4373
48.252386	2.4373
48.252386	2.4373
47.9222809	2.0096017
47.9222809	2.0096017
47.9222809	2.0096017
48.0148066	2.7320278
48.0631257	2.8944447
48.0631257	2.8944447
48.0631257	2.8944447
47.8931039	1.7028165
47.8931039	1.7028165
47.8931039	1.7028165
47.8931039	1.7028165
47.8931039	1.7028165
47.810866	1.670725
47.810866	1.670725
48.164554	2.042537
48.164554	2.042537
48.164554	2.042537
48.164554	2.042537
48.164554	2.042537
48.164554	2.042537
48.164554	2.042537
47.7808765	1.6343031
47.7808765	1.6343031
47.7808765	1.6343031
47.7808765	1.6343031
47.7808765	1.6343031
47.781098	1.6233418
47.781098	1.6233418
47.781098	1.6233418
47.781098	1.6233418
47.7808765	1.6343031
47.7808765	1.6343031
47.7808765	1.6343031
47.7808765	1.6343031
47.7808765	1.6343031
47.7808765	1.6343031
47.7808765	1.6343031
47.7808765	1.6343031
47.9880128	2.4421181
47.9880128	2.4421181
47.9880128	2.4421181
47.9880128	2.4421181
47.9880128	2.4421181
47.9222809	2.0096017
47.9222809	2.0096017
47.9222809	2.0096017
47.9222809	2.0096017
47.9222809	2.0096017
47.9222809	2.0096017
47.9222809	2.0096017
47.9222809	2.0096017
47.9222809	2.0096017
47.9222809	2.0096017
47.9222809	2.0096017
47.9222809	2.0096017
47.9222809	2.0096017
47.9222809	2.0096017
47.9222809	2.0096017
47.9222809	2.0096017
47.9222809	2.0096017
47.9222809	2.0096017
47.9222809	2.0096017
47.9222809	2.0096017
47.786864	2.718628
47.786864	2.718628
47.5605157	2.8407401
47.5605157	2.8407401
47.874291	2.046761
47.874291	2.046761
47.9916146	1.8370017
47.9916146	1.8370017
47.9916146	1.8370017
47.9916146	1.8370017
47.9916146	1.8370017
47.9916146	1.8370017
47.9916146	1.8370017
47.9916146	1.8370017
47.9916146	1.8370017
47.9916146	1.8370017
47.9445635	1.8867685
47.8123348	2.4015623
47.8123348	2.4015623
47.8123348	2.4015623
47.8123348	2.4015623
47.8123348	2.4015623
47.8123348	2.4015623
47.8123348	2.4015623
47.8123348	2.4015623
47.8123348	2.4015623
47.8123348	2.4015623
48.119988	2.35948
47.6511261	2.7242789
47.640045	2.7406229
47.640045	2.7406229
47.640045	2.7406229
47.640045	2.7406229
47.640045	2.7406229
47.8940179	1.8918055
47.8940179	1.8918055
47.8940179	1.8918055
47.8940179	1.8918055
47.8940179	1.8918055
47.8940179	1.8918055
47.8940179	1.8918055
47.9291756	1.915872
47.9291756	1.915872
47.9291756	1.915872
47.9291756	1.915872
47.9291756	1.915872
47.9291756	1.915872
47.9291756	1.915872
47.8872555	1.8428199
47.8872555	1.8428199
47.8872555	1.8428199
47.8872555	1.8428199
47.8872555	1.8428199
47.8872555	1.8428199
47.8872555	1.8428199
47.8872555	1.8428199
47.8872555	1.8428199
47.8872555	1.8428199
47.8872555	1.8428199
47.8872555	1.8428199
47.8872555	1.8428199
47.8872555	1.8428199
48.014736	2.73203
48.0148066	2.7320278
48.0148066	2.7320278
48.014736	2.73203
48.0148066	2.7320278
48.0148066	2.7320278
48.0148066	2.7320278
48.0148066	2.7320278
48.0148066	2.7320278
48.0148066	2.7320278
48.014736	2.73203
48.014736	2.73203
48.0148066	2.7320278
48.0148066	2.7320278
48.0148066	2.7320278
48.0148066	2.7320278
48.0148066	2.7320278
48.0148066	2.7320278
48.0148066	2.7320278
47.8953197	1.8380755
47.8953197	1.8380755
47.8953197	1.8380755
47.8953197	1.8380755
47.8953197	1.8380755
47.8953197	1.8380755
47.8653597	2.2219315
47.8653597	2.2219315
47.8653597	2.2219315
47.8653597	2.2219315
47.8653597	2.2219315
47.8653597	2.2219315
47.8653597	2.2219315
47.8653597	2.2219315
47.8653597	2.2219315
47.8653597	2.2219315
47.590558	2.752932
48.0709628	2.1335178
48.0709628	2.1335178
48.0709628	2.1335178
48.0709628	2.1335178
48.0709628	2.1335178
48.0709628	2.1335178
47.820782	1.755812
47.820782	1.755812
47.820782	1.755812
47.820782	1.755812
47.820782	1.755812
47.820782	1.755812
47.820782	1.755812
47.820782	1.755812
47.820782	1.755812
47.820782	1.755812
47.820782	1.755812
47.820782	1.755812
47.820782	1.755812
47.820782	1.755812
47.5986283	2.5019158
47.5986283	2.5019158
47.5986283	2.5019158
47.5986283	2.5019158
47.5986283	2.5019158
47.5986283	2.5019158
47.5986283	2.5019158
48.0396139	3.058514
48.0396139	3.058514
48.0396139	3.058514
48.0396139	3.058514
48.0396139	3.058514
48.0396139	3.058514
47.7629615	2.5083318
47.7629615	2.5083318
47.7629615	2.5083318
47.7629615	2.5083318
47.7629615	2.5083318
47.7629615	2.5083318
47.7629615	2.5083318
47.8543852	2.0848037
47.8543852	2.0848037
47.8543852	2.0848037
47.8543852	2.0848037
47.810866	1.670725
47.810866	1.670725
47.810866	1.670725
47.810866	1.670725
47.810866	1.670725
47.9274916	1.8418344
47.717822	1.9460465
47.717822	1.9460465
48.2964786	2.4154215
47.9274916	1.8418344
48.119988	2.35948
48.119988	2.35948
47.8666148	2.1153307
47.8666148	2.1153307
47.8666148	2.1153307
47.8666148	2.1153307
47.8123348	2.4015623
47.8123348	2.4015623
47.8666148	2.1153307
47.590558	2.752932
47.590558	2.752932
47.5605157	2.8407401
47.5605157	2.8407401
47.5605157	2.8407401
47.5605157	2.8407401
47.5605157	2.8407401
47.5605157	2.8407401
48.1389502	2.7845338
48.1389502	2.7845338
48.1389502	2.7845338
48.1389502	2.7845338
48.1389502	2.7845338
48.1389502	2.7845338
48.1389502	2.7845338
48.1389502	2.7845338
48.1389502	2.7845338
47.838127	1.934196
47.838127	1.934196
47.838127	1.934196
47.838127	1.934196
47.838127	1.934196
47.838127	1.934196
47.838127	1.934196
47.838127	1.934196
47.838127	1.934196
47.838127	1.934196
47.838127	1.934196
47.838127	1.934196
47.838127	1.934196
47.838127	1.934196
47.838127	1.934196
47.838127	1.934196
47.9257364	2.1398069
47.9257364	2.1398069
47.9257364	2.1398069
47.9257364	2.1398069
47.9257364	2.1398069
47.9257364	2.1398069
47.9257364	2.1398069
47.9257364	2.1398069
47.9257364	2.1398069
47.9257364	2.1398069
47.9257364	2.1398069
47.9257364	2.1398069
47.9257364	2.1398069
47.9257364	2.1398069
47.9257364	2.1398069
47.9257364	2.1398069
47.9257364	2.1398069
47.9257364	2.1398069
47.9257364	2.1398069
47.9257364	2.1398069
47.879841	1.933501
47.879841	1.933501
47.9274916	1.8418344
48.026472	1.8745774
48.026472	1.8745774
48.026472	1.8745774
48.026472	1.8745774
48.026472	1.8745774
48.026472	1.8745774
48.026472	1.8745774
48.026472	1.8745774
48.026472	1.8745774
48.026472	1.8745774
47.990319	2.710694
47.990319	2.710694
47.990319	2.710694
47.990319	2.710694
47.9196472	1.8238413
47.9333053	2.926764
47.9333053	2.926764
47.9333053	2.926764
47.9333053	2.926764
47.9333053	2.926764
47.9333053	2.926764
47.9333053	2.926764
47.9333053	2.926764
47.9127161	1.874179
47.9127161	1.874179
47.9127161	1.874179
47.9127161	1.874179
47.9127161	1.874179
47.9127161	1.874179
47.9127161	1.874179
47.9127161	1.874179
47.9127161	1.874179
47.9127161	1.874179
47.9127161	1.874179
47.9127161	1.874179
47.717822	1.9460465
47.717822	1.9460465
47.717822	1.9460465
47.717822	1.9460465
47.717822	1.9460465
47.717822	1.9460465
47.717822	1.9460465
47.9291756	1.915872
47.9291756	1.915872
47.9291756	1.915872
47.9291756	1.915872
47.9291756	1.915872
47.9291756	1.915872
47.9291756	1.915872
47.9291756	1.915872
47.9291756	1.915872
47.9291756	1.915872
47.9291756	1.915872
47.9291756	1.915872
47.9291756	1.915872
47.9291756	1.915872
47.9291756	1.915872
47.9291756	1.915872
47.9291756	1.915872
47.9291756	1.915872
47.6981128	2.6248044
47.6981128	2.6248044
47.6981128	2.6248044
47.6981128	2.6248044
47.6981128	2.6248044
47.6981128	2.6248044
47.6981128	2.6248044
47.6981128	2.6248044
47.6981128	2.6248044
47.6981128	2.6248044
47.6981128	2.6248044
47.6981128	2.6248044
47.6981128	2.6248044
47.6981128	2.6248044
47.6981128	2.6248044
47.9196472	1.8238413
47.9196472	1.8238413
47.9196472	1.8238413
47.9196472	1.8238413
47.9196472	1.8238413
47.9196472	1.8238413
47.9196472	1.8238413
47.9196472	1.8238413
47.9196472	1.8238413
47.9196472	1.8238413
47.9196472	1.8238413
47.9196472	1.8238413
47.9196472	1.8238413
47.9196472	1.8238413
47.9196472	1.8238413
47.9196472	1.8238413
47.9196472	1.8238413
47.9196472	1.8238413
47.9196472	1.8238413
47.9196472	1.8238413
47.9196472	1.8238413
47.9196472	1.8238413
47.9196472	1.8238413
47.8666148	2.1153307
47.8666148	2.1153307
47.8666148	2.1153307
47.8666148	2.1153307
47.8666148	2.1153307
47.8666148	2.1153307
47.8666148	2.1153307
47.8666148	2.1153307
47.8666148	2.1153307
47.8666148	2.1153307
47.8666148	2.1153307
47.8666148	2.1153307
47.8666148	2.1153307
47.8666148	2.1153307
47.7467101	1.8101625
47.7467101	1.8101625
47.7467101	1.8101625
47.7467101	1.8101625
47.8953197	1.8380755
47.8953197	1.8380755
47.8953197	1.8380755
47.8953197	1.8380755
47.8953197	1.8380755
47.8953197	1.8380755
47.8953197	1.8380755
47.740925	1.7278136
47.740925	1.7278136
47.740925	1.7278136
47.740925	1.7278136
47.781098	1.6233418
47.8851783	2.5161508
47.8851783	2.5161508
47.8851783	2.5161508
47.8851783	2.5161508
47.8851783	2.5161508
47.8851783	2.5161508
47.8851783	2.5161508
47.8851783	2.5161508
47.8851783	2.5161508
47.8851783	2.5161508
47.8851783	2.5161508
47.8851783	2.5161508
47.8851783	2.5161508
47.8851783	2.5161508
48.2964786	2.4154215
48.2964786	2.4154215
48.2964786	2.4154215
47.990319	2.710694
47.990319	2.710694
47.990319	2.710694
47.990319	2.710694
47.990319	2.710694
47.990319	2.710694
47.990319	2.710694
47.990319	2.710694
47.990319	2.710694
47.990319	2.710694
47.990319	2.710694
47.990319	2.710694
47.990319	2.710694
47.990319	2.710694
47.990319	2.710694
47.7645077	2.0193814
47.7645077	2.0193814
47.7645077	2.0193814
47.7645077	2.0193814
47.7645077	2.0193814
47.9544006	2.0206737
47.9544006	2.0206737
47.9544006	2.0206737
47.9544006	2.0206737
47.9544006	2.0206737
47.9544006	2.0206737
47.9544006	2.0206737
47.9544006	2.0206737
47.9544006	2.0206737
47.9544006	2.0206737
47.9544006	2.0206737
47.9544006	2.0206737
47.819882	1.696455
47.819882	1.696455
47.819882	1.696455
47.819882	1.696455
47.819882	1.696455
47.819882	1.696455
47.819882	1.696455
47.819882	1.696455
47.819882	1.696455
47.99729	2.736291
47.99729	2.736291
47.99729	2.736291
47.99729	2.736291
47.99729	2.736291
47.99729	2.736291
47.99729	2.736291
47.99729	2.736291
47.99729	2.736291
47.99729	2.736291
47.99729	2.736291
47.99729	2.736291
47.99729	2.736291
47.99729	2.736291
47.99729	2.736291
47.99729	2.736291
47.99729	2.736291
47.99729	2.736291
48.069368	2.333001
48.069368	2.333001
48.069368	2.333001
48.069368	2.333001
48.069368	2.333001
48.069368	2.333001
48.069368	2.333001
48.069368	2.333001
48.069368	2.333001
48.069368	2.333001
48.069368	2.333001
48.069368	2.333001
48.069368	2.333001
48.069368	2.333001
48.069368	2.333001
48.069368	2.333001
48.069175	2.053725
48.069175	2.053725
48.069175	2.053725
48.069175	2.053725
48.069175	2.053725
48.069175	2.053725
48.069175	2.053725
48.069175	2.053725
48.069175	2.053725
48.069175	2.053725
48.069175	2.053725
48.069175	2.053725
48.069175	2.053725
48.069175	2.053725
48.069175	2.053725
48.069175	2.053725
48.069175	2.053725
48.069175	2.053725
47.713469	2.579797
47.713469	2.579797
47.846388	2.741782
47.846388	2.741782
47.846388	2.741782
47.846388	2.741782
47.846388	2.741782
47.846388	2.741782
47.865408	1.897565
47.865408	1.897565
47.865408	1.897565
47.865408	1.897565
47.865408	1.897565
47.865408	1.897565
47.865408	1.897565
47.865408	1.897565
47.865408	1.897565
47.865408	1.897565
47.865408	1.897565
47.865408	1.897565
47.9171743	1.91731
47.9171743	1.91731
47.9171743	1.91731
47.9171743	1.91731
47.9171743	1.91731
47.9171743	1.91731
47.9171743	1.91731
47.9171743	1.91731
47.9171743	1.91731
47.9171743	1.91731
47.9171743	1.91731
47.8160208	1.9686104
47.8160208	1.9686104
47.8160208	1.9686104
47.8160208	1.9686104
47.8160208	1.9686104
47.8160208	1.9686104
47.8160208	1.9686104
47.8160208	1.9686104
47.8160208	1.9686104
47.8160208	1.9686104
47.8160208	1.9686104
47.8160208	1.9686104
47.8160208	1.9686104
47.8160208	1.9686104
47.8160208	1.9686104
47.8407756	1.941529
47.8407756	1.941529
47.8407756	1.941529
47.8407756	1.941529
47.917699	1.9443411
47.917699	1.9443411
47.917699	1.9443411
47.917699	1.9443411
47.917699	1.9443411
47.917699	1.9443411
47.917699	1.9443411
47.917699	1.9443411
47.8407756	1.941529
47.8407756	1.941529
47.8407756	1.941529
47.8407756	1.941529
47.8407756	1.941529
47.8407756	1.941529
47.8407756	1.941529
47.8407756	1.941529
47.8407756	1.941529
47.8407756	1.941529
47.8407756	1.941529
47.8407756	1.941529
47.8407756	1.941529
47.8407756	1.941529
47.8407756	1.941529
47.8407756	1.941529
47.8407756	1.941529
47.8407756	1.941529
47.8407756	1.941529
47.9274916	1.8418344
47.9274916	1.8418344
47.9274916	1.8418344
47.9274916	1.8418344
47.9274916	1.8418344
47.9274916	1.8418344
47.9274916	1.8418344
47.9274916	1.8418344
48.017792	2.668507
48.017792	2.668507
48.017792	2.668507
48.017792	2.668507
48.051602	1.6956621
48.051602	1.6956621
48.051602	1.6956621
48.051602	1.6956621
48.051602	1.6956621
48.051602	1.6956621
48.051602	1.6956621
48.051602	1.6956621
48.051602	1.6956621
48.051602	1.6956621
48.051602	1.6956621
48.051602	1.6956621
48.051602	1.6956621
48.051602	1.6956621
48.051602	1.6956621
48.051602	1.6956621
48.0352239	2.7926944
48.0352239	2.7926944
48.1674336	2.2184114
48.1674336	2.2184114
48.1674336	2.2184114
48.1674336	2.2184114
48.1674336	2.2184114
48.1674336	2.2184114
48.1674336	2.2184114
48.1674336	2.2184114
48.1674336	2.2184114
48.1686494	2.2438832
48.1686494	2.2438832
48.1686494	2.2438832
48.1686494	2.2438832
48.1686494	2.2438832
48.1686494	2.2438832
48.1686494	2.2438832
48.1686494	2.2438832
48.1686494	2.2438832
48.1686494	2.2438832
48.1686494	2.2438832
48.1686494	2.2438832
48.1686494	2.2438832
48.1686494	2.2438832
48.1686494	2.2438832
48.1686494	2.2438832
48.1686494	2.2438832
48.1686494	2.2438832
48.1686494	2.2438832
48.1686494	2.2438832
48.1686494	2.2438832
48.1686494	2.2438832
48.1686494	2.2438832
47.672396	2.602587
47.672396	2.602587
47.672396	2.602587
47.672396	2.602587
47.672396	2.602587
47.672396	2.602587
47.672396	2.602587
47.672396	2.602587
47.672396	2.602587
47.672396	2.602587
47.672396	2.602587
47.8940179	1.8918055
48.204644	2.471227
48.204644	2.471227
48.204644	2.471227
48.204644	2.471227
48.204644	2.471227
48.204644	2.471227
48.204644	2.471227
48.204644	2.471227
47.8123348	2.4015623
47.8123348	2.4015623
47.8346327	2.0345844
47.8346327	2.0345844
47.8346327	2.0345844
47.8346327	2.0345844
47.8346327	2.0345844
47.9445635	1.8867685
47.9445635	1.8867685
47.9445635	1.8867685
47.9445635	1.8867685
47.9445635	1.8867685
47.9445635	1.8867685
47.9445635	1.8867685
47.9445635	1.8867685
47.9445635	1.8867685
47.9445635	1.8867685
47.9445635	1.8867685
47.9445635	1.8867685
47.9445635	1.8867685
47.9445635	1.8867685
47.9445635	1.8867685
47.9445635	1.8867685
47.9445635	1.8867685
47.9445635	1.8867685
47.9445635	1.8867685
47.9445635	1.8867685
47.9445635	1.8867685
47.9445635	1.8867685
48.2964786	2.4154215
48.2964786	2.4154215
48.2964786	2.4154215
48.2964786	2.4154215
48.2964786	2.4154215
48.2964786	2.4154215
48.2964786	2.4154215
48.2964786	2.4154215
48.2964786	2.4154215
48.2964786	2.4154215
47.9386053	1.947278
47.9386053	1.947278
47.9386053	1.947278
47.9386053	1.947278
47.9386053	1.947278
47.9386053	1.947278
47.9386053	1.947278
47.9386053	1.947278
48.2961219	2.203128
48.2961219	2.203128
48.2961219	2.203128
48.2961219	2.203128
48.2961219	2.203128
47.912048	1.970843
47.912048	1.970843
47.912048	1.970843
47.912048	1.970843
47.912048	1.970843
47.912048	1.970843
47.912048	1.970843
47.912048	1.970843
47.912048	1.970843
47.912048	1.970843
47.912048	1.970843
47.912048	1.970843
47.912048	1.970843
47.912048	1.970843
47.912048	1.970843
47.8102877	2.3072946
47.8160208	1.9686104
47.8160208	1.9686104
47.8160208	1.9686104
47.8160208	1.9686104
47.8160208	1.9686104
47.8160208	1.9686104
47.8160208	1.9686104
47.8160208	1.9686104
47.8160208	1.9686104
47.8160208	1.9686104
47.8789343	1.9554534
47.8789343	1.9554534
47.8789343	1.9554534
47.8789343	1.9554534
47.8789343	1.9554534
47.8789343	1.9554534
47.9127161	1.874179
47.9127161	1.874179
47.9127161	1.874179
47.9127161	1.874179
47.9127161	1.874179
47.879841	1.933501
47.879841	1.933501
47.879841	1.933501
47.879841	1.933501
47.879841	1.933501
47.879841	1.933501
47.879841	1.933501
47.879841	1.933501
47.879841	1.933501
47.879841	1.933501
47.879841	1.933501
47.879841	1.933501
47.879841	1.933501
47.879841	1.933501
47.879841	1.933501
49.019157	2.247531
47.857041	2.267061
47.857041	2.267061
47.857041	2.267061
47.8519714	2.9274252
47.9274916	1.8418344
47.8847217	1.8733403
47.8847217	1.8733403
47.8847217	1.8733403
47.8847217	1.8733403
47.8847217	1.8733403
47.8847217	1.8733403
47.8847217	1.8733403
47.8847217	1.8733403
47.8847217	1.8733403
47.8847217	1.8733403
47.8847217	1.8733403
47.8847217	1.8733403
47.8847217	1.8733403
47.8847217	1.8733403
47.8847217	1.8733403
47.8847217	1.8733403
47.8847217	1.8733403
47.8847217	1.8733403
47.8847217	1.8733403
47.8847217	1.8733403
47.8847217	1.8733403
47.8847217	1.8733403
47.912048	1.970843
47.7619706	2.3954626
47.7619706	2.3954626
47.7619706	2.3954626
47.7619706	2.3954626
47.7619706	2.3954626
47.7619706	2.3954626
47.7619706	2.3954626
47.7619706	2.3954626
47.7619706	2.3954626
47.7950315	2.2008844
47.7950315	2.2008844
47.7950315	2.2008844
47.7950315	2.2008844
47.7950315	2.2008844
47.7950315	2.2008844
47.7950315	2.2008844
47.7950315	2.2008844
47.5883529	2.7863144
47.5883529	2.7863144
47.8653597	2.2219315
47.8653597	2.2219315
47.8653597	2.2219315
47.8653597	2.2219315
47.8653597	2.2219315
47.7629615	2.5083318
48.0443153	2.7409923
48.0443153	2.7409923
48.0443153	2.7409923
48.0443153	2.7409923
48.069742	2.430285
48.069742	2.430285
48.069742	2.430285
48.069742	2.430285
48.069742	2.430285
48.069742	2.430285
48.069742	2.430285
48.069742	2.430285
48.069742	2.430285
48.069742	2.430285
48.069742	2.430285
48.069742	2.430285
47.966174	1.972836
47.966174	1.972836
47.9399025	2.266422
47.9399025	2.266422
47.9399025	2.266422
47.9399025	2.266422
47.9399025	2.266422
47.9399025	2.266422